(0,255,255) (0,0,0) (0,0,255) (255,0,0) 
(255,0,255) (0,0,0) (0,255,255) (255,0,255) 
(0,0,255) (255,255,0) (255,255,0) (0,255,0) 
(255,255,255) (255,255,0) (255,0,255) (0,0,255) 
1 1 1 1 
1 1 1 1 
1 2 1 
1 1 1 1 
1 1 1 1 
2 2 
1 1 1 1 
1 1 1 1 
(255,0,255) (0,0,255) 
(0,255,0) (0,255,255) 
1 1 
1 1 
1 1 
1 1 
(255,0,255) (255,0,0) 
(0,0,255) (255,0,255) 
1 1 
1 1 
1 1 
1 1 
(0,0,255) (0,0,0) 
(255,0,0) (0,255,255) 
1 1 
1 1 
1 1 
1 1 
(255,0,0) (0,0,255) (255,0,255) (255,255,255) (0,255,255) (255,255,0) (255,255,255) (0,255,255) 
(255,255,0) (255,255,255) (0,0,255) (255,0,0) (0,0,0) (0,255,0) (0,0,255) (255,0,0) 
(0,0,255) (0,255,0) (255,255,255) (0,255,255) (0,0,255) (0,0,0) (255,255,255) (0,255,0) 
(255,0,0) (255,255,255) (0,0,255) (0,255,255) (255,255,255) (0,0,255) (0,255,255) (0,0,0) 
(0,255,255) (255,255,0) (0,0,0) (255,255,0) (255,0,255) (0,0,0) (255,0,255) (255,255,255) 
(255,255,255) (0,0,255) (0,255,255) (255,255,255) (0,0,0) (255,0,0) (255,0,255) (0,0,255) 
(255,255,255) (255,0,0) (255,0,0) (255,255,0) (255,255,255) (255,255,255) (255,0,255) (0,255,255) 
(0,255,0) (0,255,255) (255,255,0) (0,0,255) (0,0,255) (255,255,255) (0,255,255) (0,0,0) 
1 1 1 1 1 1 1 1 
1 1 1 1 1 1 1 1 
1 1 1 1 1 1 1 1 
1 1 1 1 1 1 1 1 
1 1 1 1 1 1 1 1 
1 1 1 1 1 1 1 1 
1 2 1 2 1 1 
1 1 1 2 1 1 1 
1 1 1 1 1 2 1 
1 1 1 1 1 1 1 1 
1 1 1 1 1 1 1 1 
1 1 2 1 1 1 1 
1 1 1 1 1 1 1 1 
1 1 1 1 1 1 2 
1 1 1 1 3 1 
1 1 1 1 1 1 1 1 
(255,0,255) 
1 
1 
(0,0,0) (255,255,0) (0,255,255) (0,255,255) (0,255,255) (255,0,255) (255,0,255) (255,0,0) 
(255,0,0) (255,0,255) (0,0,0) (255,255,255) (0,255,255) (255,255,0) (255,255,255) (0,0,255) 
(0,0,255) (255,255,0) (0,255,255) (255,255,255) (255,255,0) (255,0,255) (255,0,0) (0,255,255) 
(0,255,255) (255,255,0) (255,0,255) (255,0,255) (0,255,255) (255,255,0) (0,0,0) (255,255,255) 
(255,0,0) (0,0,255) (255,255,255) (0,0,255) (0,255,0) (0,255,255) (0,255,0) (0,255,255) 
(255,255,0) (255,0,255) (0,0,0) (255,0,0) (0,255,255) (255,255,255) (0,255,0) (0,255,255) 
(255,255,255) (255,0,255) (0,255,0) (255,255,255) (255,255,0) (255,255,0) (255,0,0) (255,0,0) 
(0,0,0) (0,255,0) (255,0,0) (0,255,0) (0,255,255) (0,0,0) (255,0,255) (255,255,0) 
1 1 3 2 1 
1 1 1 1 1 1 1 1 
1 1 1 1 1 1 1 1 
1 1 2 1 1 1 1 
1 1 1 1 1 1 1 1 
1 1 1 1 1 1 1 1 
1 1 1 1 2 2 
1 1 1 1 1 1 1 1 
1 1 1 1 1 1 1 1 
1 1 2 1 2 1 
1 1 1 1 1 1 1 1 
1 2 1 1 1 1 1 
2 1 1 1 1 1 1 
1 1 1 1 1 1 1 1 
1 1 1 1 2 1 1 
1 1 1 1 2 1 1 
(0,255,0) (0,255,0) (255,255,255) (0,255,0) 
(0,0,0) (255,0,255) (255,0,255) (255,255,0) 
(255,255,0) (0,0,255) (255,255,255) (0,255,0) 
(255,0,0) (0,0,255) (0,255,0) (0,0,0) 
2 1 1 
1 2 1 
1 1 1 1 
1 1 1 1 
1 1 1 1 
1 1 2 
1 1 1 1 
1 1 1 1 
(0,255,0) (0,0,255) (0,255,255) (255,255,255) 
(255,255,255) (0,255,255) (0,0,0) (255,255,255) 
(0,0,255) (255,255,0) (0,0,255) (0,255,255) 
(0,0,255) (0,0,0) (255,255,255) (0,0,255) 
1 1 1 1 
1 1 1 1 
1 1 1 1 
1 1 1 1 
1 1 2 
1 1 1 1 
1 1 1 1 
2 1 1 
(255,255,0) (255,0,255) 
(0,0,255) (255,0,255) 
1 1 
1 1 
1 1 
2 
(255,255,0) (255,0,255) (255,255,255) (0,0,0) (0,0,255) (255,255,255) (255,0,255) (0,255,0) 
(0,0,0) (0,0,255) (0,0,255) (255,255,0) (0,255,255) (255,0,0) (0,255,255) (0,0,255) 
(0,255,0) (0,0,255) (0,0,0) (255,255,0) (255,0,0) (0,0,255) (255,255,255) (0,0,0) 
(255,0,0) (255,0,255) (255,255,0) (0,0,0) (0,0,0) (255,255,255) (0,255,0) (255,255,255) 
(0,0,0) (255,255,255) (0,0,0) (0,255,0) (255,0,255) (0,0,0) (0,255,0) (0,255,0) 
(255,0,0) (0,0,0) (0,255,0) (0,0,255) (255,0,255) (255,0,0) (0,255,0) (0,255,255) 
(255,255,255) (255,0,255) (0,0,255) (255,0,0) (0,255,0) (0,0,0) (0,0,0) (255,255,255) 
(255,0,255) (0,0,255) (0,0,0) (0,255,0) (0,255,255) (255,0,0) (255,255,255) (0,255,0) 
1 1 1 1 1 1 1 1 
1 2 1 1 1 1 1 
1 1 1 1 1 1 1 1 
1 1 1 2 1 1 1 
1 1 1 1 1 1 2 
1 1 1 1 1 1 1 1 
1 1 1 1 1 2 1 
1 1 1 1 1 1 1 1 
1 1 1 1 1 1 1 1 
1 2 1 1 1 1 1 
1 1 1 1 1 1 1 1 
1 2 1 1 1 1 1 
1 1 1 1 2 1 1 
1 1 1 1 1 1 1 1 
1 1 1 3 1 1 
1 1 1 1 1 1 1 1 
(255,0,255) 
1 
1 
(255,255,0) 
1 
1 
(0,0,255) (0,0,0) (255,255,0) (255,255,255) (0,255,255) (255,0,0) (0,0,255) (255,0,0) 
(0,255,255) (0,0,0) (0,255,255) (0,255,255) (255,0,0) (255,0,0) (0,0,0) (0,0,255) 
(0,255,0) (0,0,255) (255,0,255) (255,255,255) (0,255,0) (0,255,0) (255,255,0) (255,255,255) 
(0,255,0) (255,0,0) (255,255,0) (255,0,0) (0,255,0) (255,255,255) (0,255,255) (0,0,0) 
(0,0,255) (0,255,0) (0,255,0) (0,0,0) (0,255,255) (0,0,255) (255,0,0) (255,0,0) 
(255,0,0) (0,0,0) (255,255,0) (0,0,0) (255,0,255) (255,255,255) (255,255,0) (0,255,0) 
(0,255,0) (255,0,255) (255,255,255) (255,0,0) (0,0,255) (255,0,0) (255,255,0) (255,0,0) 
(255,0,0) (255,255,0) (0,0,255) (0,0,255) (255,255,255) (0,255,0) (255,0,0) (0,0,0) 
1 1 1 1 1 1 1 1 
1 1 2 2 1 1 
1 1 1 1 2 1 1 
1 1 1 1 1 1 1 1 
1 2 1 1 1 2 
1 1 1 1 1 1 1 1 
1 1 1 1 1 1 1 1 
1 1 2 1 1 1 1 
1 1 2 1 1 1 1 
2 1 1 1 1 1 1 
1 1 1 1 1 1 1 1 
1 1 1 1 2 1 1 
1 1 2 1 1 1 1 
2 1 1 1 1 1 1 
1 1 1 1 1 2 1 
1 1 1 1 1 1 1 1 
(0,0,0) (255,255,255) (0,0,0) (0,0,0) 
(0,255,255) (255,0,255) (255,255,255) (255,0,255) 
(0,255,0) (255,0,0) (255,0,0) (0,255,255) 
(255,0,255) (0,255,255) (255,0,255) (255,0,0) 
1 1 2 
1 1 1 1 
1 2 1 
1 1 1 1 
1 1 1 1 
1 1 1 1 
1 1 1 1 
1 1 1 1 
(255,255,0) (0,0,0) (255,0,0) (0,255,255) 
(0,255,0) (255,0,0) (0,0,255) (0,255,0) 
(0,255,0) (0,0,255) (0,255,0) (255,0,0) 
(255,255,255) (0,0,0) (255,255,0) (0,255,0) 
1 1 1 1 
1 1 1 1 
1 1 1 1 
1 1 1 1 
1 2 1 
1 1 1 1 
1 1 1 1 
1 1 1 1 
(0,0,0) (0,255,255) (0,255,255) (255,255,255) (255,0,255) (0,255,255) (255,0,255) (255,255,0) 
(0,0,0) (255,0,0) (0,255,0) (255,0,0) (255,0,0) (0,0,255) (0,0,0) (255,0,255) 
(255,255,0) (0,0,0) (0,255,255) (255,255,0) (255,255,0) (0,0,255) (0,0,255) (255,255,0) 
(255,255,0) (0,0,255) (255,255,255) (255,255,255) (255,255,0) (0,255,255) (255,0,0) (0,0,255) 
(255,255,255) (255,0,0) (255,255,0) (0,0,255) (255,255,255) (255,0,0) (255,0,0) (0,255,0) 
(255,0,255) (255,0,255) (255,0,255) (255,0,0) (0,255,255) (255,255,0) (255,0,0) (0,0,255) 
(255,0,255) (0,0,0) (255,0,0) (255,255,255) (0,255,255) (0,0,255) (255,255,0) (0,255,255) 
(0,255,255) (255,0,0) (0,255,255) (255,0,255) (255,0,0) (255,0,0) (0,255,255) (255,255,0) 
1 2 1 1 1 1 1 
1 1 1 2 1 1 1 
1 1 1 2 2 1 
1 1 2 1 1 1 1 
1 1 1 1 1 2 1 
3 1 1 1 1 1 
1 1 1 1 1 1 1 1 
1 1 1 1 2 1 1 
2 2 1 2 1 
1 1 1 1 1 1 1 1 
1 1 1 1 1 1 1 1 
1 1 1 1 1 1 1 1 
1 1 2 1 2 1 
1 2 1 1 1 1 1 
1 1 1 3 1 1 
1 1 1 1 1 1 1 1 
(255,255,0) (0,0,0) (255,0,255) (255,0,0) 
(255,255,0) (0,255,255) (255,0,255) (255,0,255) 
(0,0,255) (255,0,0) (0,255,0) (255,255,255) 
(0,255,255) (255,0,255) (0,255,255) (0,0,0) 
1 1 1 1 
1 1 2 
1 1 1 1 
1 1 1 1 
2 1 1 
1 1 1 1 
2 1 1 
1 1 1 1 
(255,255,0) (0,0,0) (255,255,0) (0,0,0) (0,255,255) (255,255,0) (255,0,0) (255,255,0) 
(0,0,0) (255,255,255) (0,0,0) (0,255,255) (255,0,0) (0,0,255) (0,0,0) (0,0,255) 
(0,255,255) (0,0,0) (255,0,0) (255,255,0) (255,255,255) (0,0,0) (255,0,0) (255,255,0) 
(0,255,0) (255,0,0) (255,0,0) (0,0,0) (0,255,0) (0,255,0) (255,0,255) (255,0,255) 
(0,0,255) (0,0,255) (0,255,0) (255,0,0) (0,0,0) (255,0,0) (0,0,0) (0,0,0) 
(0,0,255) (0,0,0) (255,255,255) (0,255,255) (255,0,0) (0,255,255) (0,255,255) (255,0,255) 
(0,255,255) (0,0,255) (0,255,255) (0,255,0) (255,255,0) (0,255,255) (0,255,255) (255,0,255) 
(255,0,0) (255,0,255) (0,0,255) (0,0,0) (255,255,0) (255,0,255) (255,0,255) (255,0,255) 
1 1 1 1 1 1 1 1 
1 1 1 1 1 1 1 1 
1 1 1 1 1 1 1 1 
1 2 1 2 2 
2 1 1 1 1 2 
1 1 1 1 1 2 1 
1 1 1 1 1 2 1 
1 1 1 1 1 3 
1 1 1 1 2 1 1 
1 1 1 1 1 1 1 1 
1 1 2 1 1 1 1 
1 1 1 1 1 1 1 1 
1 1 1 1 1 1 2 
1 1 1 1 1 2 1 
1 1 1 1 1 2 1 
1 1 1 1 1 3 
(0,255,0) 
1 
1 
(255,255,0) (0,0,0) 
(0,255,255) (255,255,0) 
1 1 
1 1 
1 1 
1 1 
(0,255,255) (255,255,255) (255,255,0) (255,255,255) (0,0,255) (255,255,255) (0,0,0) (0,255,0) 
(0,255,0) (0,0,255) (0,0,255) (0,255,255) (0,0,255) (0,255,0) (0,0,0) (0,0,0) 
(0,0,255) (0,0,0) (0,255,255) (0,255,0) (0,255,255) (255,0,0) (0,0,0) (0,255,0) 
(255,255,0) (255,0,255) (0,0,255) (255,255,0) (0,0,255) (0,255,255) (0,0,255) (255,255,0) 
(255,255,0) (0,0,0) (255,0,255) (255,0,255) (0,255,255) (0,0,0) (255,0,255) (255,255,0) 
(255,0,255) (0,0,255) (255,0,0) (0,255,0) (0,255,0) (0,255,0) (255,255,0) (255,0,255) 
(255,255,0) (0,255,255) (255,255,0) (0,0,0) (255,255,0) (0,255,0) (0,0,0) (0,255,0) 
(255,255,255) (255,0,255) (255,255,255) (255,0,0) (0,255,255) (255,0,0) (255,0,0) (0,0,0) 
1 1 1 1 1 1 1 1 
1 2 1 1 1 2 
1 1 1 1 1 1 1 1 
1 1 1 1 1 1 1 1 
1 1 2 1 1 1 1 
1 1 1 3 1 1 
1 1 1 1 1 1 1 1 
1 1 1 1 1 2 1 
1 1 1 2 1 1 1 
1 1 1 1 1 1 1 1 
1 1 1 1 1 1 1 1 
1 1 1 1 1 1 1 1 
2 1 1 1 1 1 1 
1 1 1 1 1 2 1 
3 1 1 1 1 1 
1 1 1 2 1 1 1 
(255,0,0) (0,255,0) (0,0,255) (0,255,255) 
(255,0,255) (255,255,0) (0,255,0) (0,255,255) 
(255,255,255) (255,0,0) (0,0,0) (0,255,255) 
(255,255,0) (0,0,255) (0,255,0) (0,255,255) 
1 1 1 1 
1 1 1 1 
1 1 1 1 
1 1 1 1 
1 1 1 1 
1 1 1 1 
1 1 1 1 
4 
(255,255,0) (0,0,0) (255,255,0) (0,255,255) 
(0,255,0) (255,0,0) (0,255,0) (0,0,255) 
(0,255,255) (255,255,0) (0,255,255) (0,255,255) 
(0,255,0) (255,255,0) (255,255,0) (0,0,255) 
1 1 1 1 
1 1 1 1 
1 1 2 
1 2 1 
1 1 1 1 
1 1 2 
1 1 1 1 
1 1 1 1 
(0,0,0) (0,0,255) 
(255,255,255) (255,255,255) 
1 1 
2 
1 1 
1 1 
(255,255,0) (0,0,0) 
(255,255,0) (0,0,255) 
1 1 
1 1 
2 
1 1 
(0,0,255) 
1 
1 
(255,255,0) (0,0,255) 
(255,0,255) (255,0,0) 
1 1 
1 1 
1 1 
1 1 
(255,255,255) (0,255,255) (255,255,0) (255,0,0) 
(255,0,0) (0,0,255) (255,255,0) (0,255,255) 
(255,255,0) (255,255,0) (0,255,255) (255,255,255) 
(255,0,255) (255,255,255) (255,255,0) (0,0,0) 
1 1 1 1 
1 1 1 1 
2 1 1 
1 1 1 1 
1 1 1 1 
1 1 1 1 
2 1 1 
1 1 1 1 
(0,255,0) 
1 
1 
