15
16
58 88 158 89 51 119 101 220 96 11 152 180 198 85 134 198 64 20 3 97 115 166 3 127 5 113 103 72 10 129 22 216 191 114 80 66 123 145 63 213 226 62 207 158 92 149 192 45 
198 77 250 156 103 223 32 206 37 235 103 245 248 216 169 87 160 188 181 81 147 123 234 156 58 50 4 207 92 214 53 37 219 24 120 129 158 140 34 175 206 11 185 237 69 86 10 170 
67 251 118 141 99 125 141 185 206 175 222 80 175 97 12 53 231 62 37 23 1 245 48 171 104 151 5 56 215 64 98 89 18 250 58 255 212 222 80 181 8 125 5 40 59 126 110 230 
82 136 170 102 120 98 115 73 91 88 242 223 152 225 216 237 115 128 170 173 204 232 92 23 79 99 34 95 234 116 131 191 132 187 175 118 236 26 18 17 15 22 41 233 111 128 149 237 
208 84 110 161 52 225 217 103 10 42 221 254 163 141 114 72 229 162 219 80 67 102 54 139 237 153 82 94 67 100 192 225 144 63 45 227 245 18 239 46 163 154 221 11 77 15 100 9 
222 4 215 251 103 142 7 64 91 168 20 71 254 214 130 81 27 9 143 121 245 195 196 242 129 123 203 145 210 67 128 139 213 168 74 127 62 218 172 183 194 13 23 171 135 30 3 198 
217 122 62 109 30 60 131 62 12 149 78 149 25 113 239 85 51 87 221 229 178 145 78 120 139 142 4 146 198 132 106 200 50 89 223 199 87 196 82 151 172 176 15 33 10 225 216 239 
97 217 56 52 170 253 20 12 28 244 131 4 163 80 224 221 142 112 29 141 135 164 89 135 201 147 181 60 141 218 100 226 197 246 2 116 13 100 39 250 223 6 59 10 6 201 140 143 
85 133 157 201 152 37 194 149 203 7 233 239 138 166 187 181 201 118 228 173 197 15 174 202 58 142 213 171 215 56 151 101 239 97 10 130 113 141 178 74 26 212 83 65 233 139 4 240 
212 32 133 232 185 70 210 5 151 82 248 240 254 229 40 231 196 204 10 193 250 36 83 44 30 194 154 58 146 210 104 28 77 189 142 45 209 81 187 50 93 28 77 223 99 24 104 158 
60 142 69 141 27 52 205 197 64 152 103 226 110 194 14 192 158 21 166 130 245 119 144 217 244 178 124 131 239 25 126 17 192 110 101 238 188 3 72 157 230 32 97 66 99 165 30 100 
46 240 118 241 13 1 122 130 196 220 44 225 136 47 147 201 182 53 15 236 197 218 235 58 122 32 49 97 90 193 194 144 101 22 165 129 1 55 160 182 53 100 5 3 23 164 207 76 
136 171 237 144 30 1 222 38 98 97 126 71 60 96 32 205 171 79 220 58 185 97 43 252 175 17 177 240 133 190 89 36 156 152 167 225 176 192 74 233 8 171 241 253 239 200 96 162 
104 98 195 37 30 199 66 221 154 170 213 176 184 198 90 216 92 196 229 231 97 95 87 9 210 198 50 138 93 65 171 152 4 24 1 73 22 177 14 224 94 248 28 76 154 3 249 241 
47 247 78 171 26 37 44 16 42 121 232 246 108 21 41 54 231 57 63 175 138 102 182 141 99 195 43 203 18 191 95 246 124 248 138 52 196 92 242 134 119 141 187 74 6 138 1 4 
122 141 36 93 99 47 99 108 17 210 173 53 7 64 179 111 173 144 66 139 69 74 208 241 32 203 85 141 18 234 92 138 35 219 89 93 135 84 61 6 209 239 72 146 99 208 30 229 
8
135 30 182 135 55 239 219 143 248 91 199 120 123 97 81 75 237 133 183 224 29 107 226 9 
224 164 235 13 181 200 223 88 165 197 191 112 109 118 203 43 223 120 0 32 134 57 224 91 
137 81 113 85 209 22 136 35 110 106 71 237 55 216 229 162 177 224 173 234 51 142 74 92 
71 82 65 242 82 11 191 185 120 101 149 205 186 101 129 133 97 66 175 235 160 119 127 111 
117 22 137 220 208 95 223 138 247 145 145 214 41 0 119 207 129 104 42 50 30 129 84 153 
129 211 42 239 54 204 54 39 183 16 90 45 141 16 18 29 184 222 249 180 81 64 143 4 
110 3 57 107 70 145 137 197 150 198 192 225 67 0 145 50 64 117 40 199 178 202 107 125 
82 225 128 116 19 242 143 191 6 221 201 96 122 190 169 115 103 194 121 169 13 58 25 248 
4
238 252 145 135 180 115 19 141 65 46 254 183 
62 255 106 16 159 226 249 2 48 59 10 189 
112 94 47 221 163 84 226 70 35 221 115 83 
247 177 69 49 166 11 58 133 77 104 108 85 
4
140 30 37 14 199 242 96 120 118 92 250 99 
204 86 84 187 211 85 96 186 173 124 5 186 
32 16 197 71 82 45 157 121 208 183 44 128 
213 146 24 129 202 22 174 161 9 189 200 95 
16
31 244 38 240 33 210 34 116 105 190 84 67 21 175 225 181 172 95 176 238 84 173 51 96 70 63 133 145 128 107 182 31 185 88 99 1 154 96 137 15 43 185 154 197 140 85 209 68 
229 6 195 153 159 230 56 66 213 246 56 238 5 5 105 133 12 212 152 104 81 119 149 250 64 254 68 95 250 85 241 132 74 105 228 95 220 140 53 120 169 27 226 168 182 94 31 32 
254 175 237 174 172 223 238 60 142 213 120 154 199 120 232 125 196 208 57 199 113 103 213 8 172 246 170 69 250 61 129 249 120 51 139 90 21 95 61 221 255 134 94 252 91 134 95 55 
57 130 234 89 199 63 189 252 196 206 185 79 56 108 54 23 99 166 154 244 243 193 42 230 122 88 32 15 30 71 253 187 147 200 32 157 70 220 152 91 219 237 55 78 218 177 231 131 
165 81 65 5 174 203 92 94 230 149 227 91 121 131 107 16 184 234 3 28 86 6 12 46 216 153 75 200 71 213 60 67 40 124 169 20 174 70 124 77 45 131 210 103 210 1 80 62 
146 48 186 93 96 132 193 124 163 27 29 71 231 160 220 97 210 111 250 169 90 249 49 188 54 106 18 187 146 138 85 78 7 225 110 232 202 31 97 77 36 187 214 82 34 217 112 228 
141 113 91 76 28 174 36 177 233 148 206 223 34 230 34 71 1 71 70 70 254 159 145 170 67 192 158 114 96 74 159 213 64 203 244 134 91 43 253 55 46 72 44 92 232 221 94 49 
103 168 107 254 98 204 251 153 232 116 156 45 9 185 18 59 211 198 238 222 128 57 99 83 237 205 84 184 78 54 177 20 33 77 4 152 96 109 71 37 251 29 249 14 133 239 113 30 
45 168 113 221 241 160 254 15 14 108 111 126 187 187 197 249 22 126 58 157 95 76 29 83 100 4 220 154 60 180 99 135 56 185 164 9 23 40 119 114 121 109 165 51 151 50 63 231 
48 131 53 148 199 47 35 45 11 113 110 91 151 207 144 124 219 67 176 237 90 153 118 132 23 24 29 97 73 100 202 231 86 163 28 5 255 223 4 186 216 171 215 216 252 10 161 8 
254 140 189 14 35 186 162 78 206 180 0 143 59 25 12 0 112 39 23 120 113 36 102 2 180 252 62 153 212 43 62 48 137 221 242 246 216 84 164 215 135 139 117 70 212 25 173 58 
103 87 80 118 132 197 242 14 133 170 203 39 136 251 14 254 101 126 119 44 227 47 35 40 43 227 165 13 124 43 86 157 33 123 236 134 160 140 79 229 53 254 168 9 126 66 186 121 
120 183 117 56 170 19 200 71 160 5 184 108 155 25 175 50 135 219 22 49 45 63 37 143 170 64 250 199 32 200 233 169 171 208 20 163 151 200 59 62 208 57 213 235 153 169 95 0 
129 191 244 254 147 167 30 21 206 184 236 234 213 84 68 151 231 16 123 243 16 21 35 21 161 199 36 19 223 164 15 15 248 110 174 117 59 140 224 126 135 174 163 249 4 176 115 74 
18 193 211 179 127 196 41 210 253 246 206 107 211 209 102 104 210 49 109 30 139 182 19 210 191 105 74 124 23 162 29 202 21 41 67 104 75 155 244 127 203 15 251 124 222 250 13 18 
249 80 89 130 236 236 96 26 93 50 7 251 117 243 234 32 217 144 244 156 220 99 45 35 243 90 210 204 105 229 171 21 83 19 153 40 199 248 111 93 73 81 2 255 134 107 132 83 
8
64 13 214 154 227 123 199 92 31 124 229 218 91 233 122 202 193 86 152 130 160 231 163 107 
14 101 15 178 209 144 107 64 128 183 159 237 229 135 114 240 166 33 79 154 36 111 72 69 
164 183 91 135 173 112 244 171 176 85 180 97 239 185 113 180 151 26 126 61 47 248 44 150 
54 231 144 18 8 228 135 171 2 229 248 60 230 180 89 241 129 252 117 251 139 164 108 136 
206 93 251 242 139 119 253 54 25 249 50 169 207 240 64 230 36 7 247 11 21 88 217 37 
199 130 218 232 110 252 100 164 109 169 158 116 191 172 238 185 149 125 189 198 64 60 122 221 
82 70 225 91 0 7 125 47 203 15 107 144 96 103 98 240 188 37 240 43 147 62 6 5 
243 156 183 211 37 112 61 120 212 202 61 147 112 103 76 247 213 201 177 92 40 141 108 84 
16
250 120 128 209 214 78 3 123 125 170 55 68 52 145 159 241 186 147 29 45 32 78 101 45 219 51 178 144 24 141 184 137 79 190 217 63 27 204 155 116 73 29 90 101 46 127 58 242 
62 108 96 255 219 139 98 26 107 121 251 94 173 202 4 151 77 75 159 167 182 138 182 40 39 153 164 82 9 14 49 31 128 78 196 174 64 12 212 229 162 12 160 91 246 45 32 117 
27 166 59 207 78 144 58 221 64 165 125 210 107 71 108 192 165 196 177 1 246 216 165 215 167 115 7 79 155 189 244 107 227 87 19 127 140 228 17 220 187 201 77 172 253 48 212 29 
216 83 143 194 166 247 187 54 163 54 154 2 68 130 104 192 202 231 145 129 24 144 33 109 193 141 124 169 102 212 79 126 63 133 198 183 247 114 0 74 189 222 192 59 152 133 101 190 
250 221 28 156 153 156 84 215 122 122 114 145 78 56 198 42 2 225 190 169 146 80 90 93 30 242 224 196 63 205 209 171 155 193 27 151 183 14 144 100 13 23 151 44 95 102 34 106 
74 239 224 95 30 153 179 181 237 250 100 99 226 98 150 208 212 28 248 59 27 240 191 90 163 236 84 65 63 101 73 134 63 56 146 163 68 85 242 155 83 127 179 225 41 77 154 117 
206 117 26 80 109 73 200 2 99 130 15 154 150 61 37 198 8 67 61 59 172 141 255 87 120 8 53 5 187 149 199 226 177 84 233 158 84 34 147 164 118 96 49 253 13 247 157 113 
206 152 74 240 253 73 194 49 131 29 82 153 65 66 3 94 164 65 205 236 121 130 8 136 3 15 35 51 75 153 152 209 184 192 31 138 223 143 35 113 156 70 114 99 98 93 56 50 
207 197 46 3 132 113 15 245 51 21 76 4 249 46 0 44 239 66 38 209 252 105 10 94 237 12 253 45 199 237 77 167 91 103 116 172 28 248 144 53 46 252 19 55 191 187 188 203 
154 166 198 141 249 222 95 65 155 246 91 189 23 250 42 3 112 176 7 173 233 29 115 142 27 75 226 150 68 74 180 246 226 117 102 133 129 246 10 98 209 141 244 219 251 141 183 142 
53 39 80 206 149 234 160 73 34 139 32 231 49 226 208 245 239 54 112 130 58 186 243 9 181 87 49 81 27 172 220 146 211 84 181 217 197 103 255 173 109 67 52 243 45 140 248 15 
232 113 75 76 204 49 2 126 111 222 120 230 30 98 129 85 114 191 159 148 35 155 121 4 33 251 136 130 225 79 20 141 245 175 95 171 224 100 32 8 40 170 50 97 173 180 142 32 
56 241 119 201 87 142 244 148 105 60 131 92 245 51 12 183 64 118 20 103 30 89 51 241 8 65 200 139 111 172 235 59 80 113 163 62 9 72 89 167 107 140 141 72 16 64 200 213 
238 81 210 71 45 26 36 127 54 45 160 44 13 81 128 238 224 199 141 188 224 210 145 131 79 118 14 15 218 127 48 47 42 197 1 20 182 175 220 251 219 246 36 12 46 171 53 129 
17 124 155 10 132 51 131 112 62 127 110 121 253 247 45 13 26 92 9 150 96 30 66 173 30 34 187 242 123 195 243 59 10 23 55 242 158 115 22 184 96 49 22 78 30 176 165 182 
230 157 82 149 212 113 61 220 40 59 204 167 155 160 160 102 244 32 200 58 214 155 52 162 220 19 108 86 232 179 130 115 183 16 68 217 185 176 183 209 32 201 193 244 55 74 38 72 
16
31 182 171 211 177 196 117 218 173 217 89 0 7 170 140 181 62 72 41 184 225 151 213 47 82 1 159 247 202 107 41 57 157 104 13 62 192 173 122 132 136 198 30 17 180 7 73 7 
174 196 79 121 14 197 46 125 96 244 112 130 39 89 83 228 34 72 40 190 205 217 249 0 43 153 110 193 195 127 241 214 232 34 17 163 62 40 36 49 122 2 49 129 105 215 13 32 
52 189 195 252 226 47 57 118 30 188 17 184 59 252 206 73 117 200 56 222 122 170 1 116 41 147 168 155 153 204 158 21 93 47 168 159 6 151 132 15 234 149 207 159 36 101 38 137 
220 32 140 212 201 50 11 109 243 15 158 121 190 34 79 234 36 6 157 80 66 249 32 242 22 142 112 30 135 162 66 189 165 144 212 42 51 169 140 69 99 222 220 195 224 192 104 200 
17 171 107 183 157 61 86 73 42 13 187 220 107 154 106 14 89 130 218 139 192 245 202 35 254 104 39 32 7 142 49 214 173 132 218 123 31 76 110 57 175 124 121 130 216 55 230 164 
127 93 100 157 121 255 14 48 78 22 74 56 60 116 241 61 127 250 177 69 208 12 176 236 44 66 114 183 214 96 253 166 159 137 59 8 101 175 159 147 218 78 11 180 134 90 242 36 
16 118 186 188 185 102 100 138 41 199 110 36 110 253 248 60 66 110 39 117 140 238 199 117 42 121 52 60 238 40 122 180 230 94 187 137 225 66 209 58 46 115 53 113 167 247 31 144 
239 116 239 140 247 162 204 254 199 0 139 119 123 198 210 20 139 27 125 83 80 137 64 37 196 174 142 69 138 52 186 199 46 3 93 244 173 180 247 85 56 73 217 14 53 28 66 110 
135 22 200 195 15 33 249 115 114 224 67 72 29 157 17 12 135 131 55 86 182 13 144 163 5 190 229 168 36 19 17 231 96 182 99 129 37 244 68 75 193 113 26 35 106 26 108 133 
131 92 70 89 27 147 223 15 183 198 121 238 81 145 137 169 160 98 24 52 154 233 105 213 56 201 220 126 121 148 18 90 169 246 82 166 227 48 43 194 213 200 91 136 195 127 240 220 
206 132 173 132 119 231 175 59 95 80 81 0 80 241 76 180 129 185 35 228 22 203 190 228 231 46 84 29 130 198 143 167 115 131 235 27 195 216 96 162 190 111 64 82 249 27 98 187 
148 14 128 188 189 76 222 156 117 95 44 85 151 76 174 51 22 199 154 158 134 163 194 52 222 140 114 28 124 248 156 150 105 91 50 214 223 154 212 18 8 195 171 218 9 251 149 168 
63 184 130 184 200 48 30 25 70 17 176 5 223 114 65 110 137 9 2 217 132 159 232 111 39 194 153 81 224 186 139 45 119 190 106 15 146 103 187 121 126 100 192 181 44 112 155 106 
122 129 181 110 180 66 97 219 91 196 189 101 37 112 217 234 68 65 28 75 235 48 227 123 15 239 106 213 107 217 240 179 198 42 22 60 120 107 137 125 43 49 224 188 223 7 200 8 
49 169 94 21 220 115 220 71 128 24 120 13 162 151 137 112 244 107 236 236 215 2 166 126 31 113 202 254 22 102 158 175 195 94 249 21 108 24 239 6 89 73 176 4 219 145 174 202 
141 174 254 37 218 240 1 5 191 236 67 212 210 117 163 6 132 200 181 242 163 7 100 224 35 233 220 99 29 175 167 233 24 90 21 144 136 27 226 59 148 11 19 230 28 28 33 54 
32
79 89 84 137 40 131 252 100 96 194 209 113 217 187 244 29 215 249 212 233 108 144 72 37 52 1 219 251 67 94 102 176 92 175 229 39 99 147 131 167 21 43 247 221 247 51 19 37 140 114 154 5 203 85 83 250 208 215 91 120 210 163 191 44 85 125 74 132 161 222 156 113 114 222 124 108 241 87 112 183 227 72 138 229 33 119 132 156 72 91 16 154 177 56 105 246 
164 140 46 168 200 170 112 76 222 165 10 35 175 111 48 91 67 66 75 144 84 63 4 146 2 86 159 105 201 101 139 150 175 164 55 156 194 64 39 191 193 70 70 12 26 195 126 153 20 42 134 14 78 245 251 100 104 143 179 237 0 114 78 149 224 140 13 103 117 232 232 83 132 138 218 46 24 155 128 250 191 198 226 104 245 225 145 155 225 208 242 47 63 166 217 122 
158 14 89 17 203 234 219 142 141 57 110 145 146 62 94 5 170 223 8 165 51 75 236 190 212 223 4 54 111 75 85 205 80 240 195 163 171 141 41 251 69 27 169 62 113 245 65 67 62 60 159 205 239 122 55 85 171 133 146 10 118 167 233 23 96 251 242 36 252 26 250 31 20 247 52 60 155 8 81 58 227 167 80 233 17 183 152 233 205 138 68 180 62 2 190 222 
53 247 143 156 168 217 117 132 99 151 182 147 250 191 181 116 2 230 195 255 128 74 55 1 162 182 193 59 173 166 251 173 55 172 65 20 150 18 195 177 152 193 216 76 117 97 150 121 1 194 159 26 38 123 61 37 146 209 178 167 173 218 201 9 206 226 177 146 174 13 11 46 29 62 66 110 243 56 27 207 74 3 141 63 234 146 210 221 5 162 190 1 37 229 80 124 
98 96 135 33 216 17 118 132 88 214 155 1 94 138 109 0 67 113 52 120 180 214 29 178 99 242 142 80 252 16 183 141 91 239 106 198 252 104 44 58 179 80 140 14 157 160 179 148 86 211 61 204 108 144 71 43 20 137 201 156 28 163 39 197 33 87 2 139 2 88 84 216 148 118 188 155 152 194 22 17 234 243 79 68 251 8 119 209 128 47 24 237 108 230 199 170 
28 96 248 119 210 42 23 230 101 14 212 179 55 56 190 1 102 151 19 230 71 134 214 42 16 172 35 76 212 32 192 198 181 209 244 146 85 38 156 237 141 225 123 91 98 73 210 235 52 136 48 188 57 82 140 192 42 199 145 192 60 155 57 161 82 116 157 229 113 147 12 117 116 183 90 157 1 62 122 88 187 142 79 206 185 179 192 27 56 73 11 82 140 157 91 193 
93 15 156 119 15 187 142 4 130 88 24 128 252 95 224 207 99 112 24 34 176 243 155 193 160 251 56 9 172 111 77 176 60 107 152 81 24 228 75 36 31 139 94 12 59 244 41 216 148 248 50 194 4 88 68 60 204 162 193 237 133 89 56 246 89 80 58 121 114 87 106 92 179 25 212 74 166 69 128 251 182 236 70 182 159 43 227 20 34 9 77 6 253 162 68 25 
26 134 42 249 7 92 20 52 166 203 33 65 38 154 11 193 49 21 251 4 103 179 162 207 12 247 133 93 253 148 152 163 233 212 15 217 189 58 113 53 96 103 238 250 161 58 242 177 110 59 250 182 70 58 167 247 240 51 16 249 110 117 93 28 45 3 146 31 126 59 168 230 74 181 226 123 0 110 94 84 211 38 235 212 35 6 26 19 56 134 152 226 54 142 186 10 
77 219 90 213 49 165 226 208 202 127 166 206 44 126 119 48 201 157 116 100 229 96 36 172 75 184 194 33 63 39 216 247 179 36 16 2 190 193 70 121 73 139 225 251 12 178 100 207 185 106 64 112 118 144 237 73 145 145 56 189 111 136 223 106 198 166 91 175 12 215 253 107 48 162 60 8 135 81 78 185 9 83 245 255 189 222 156 114 114 217 162 190 176 248 246 236 
238 41 228 227 5 47 46 46 229 140 95 255 135 165 92 116 35 33 60 26 162 146 89 176 86 87 167 45 233 193 69 4 147 116 82 166 144 16 2 72 210 17 241 231 243 244 183 138 109 156 188 200 13 243 78 137 165 212 240 17 2 41 245 58 29 80 78 0 149 196 161 67 93 249 155 201 178 135 134 131 81 139 30 17 230 74 160 135 199 24 37 114 226 121 46 22 
245 133 128 250 253 145 50 167 240 11 4 172 174 166 242 229 53 183 9 253 21 223 122 50 37 235 237 88 115 248 23 33 129 219 143 155 174 192 221 250 242 16 212 152 206 153 35 58 131 233 38 149 131 250 2 17 37 21 240 204 156 240 217 226 42 26 36 236 145 152 204 198 203 209 181 150 250 167 64 9 162 231 29 224 22 227 96 172 48 93 215 213 69 167 155 225 
88 9 230 243 142 99 36 146 226 19 77 172 26 25 113 219 250 121 149 230 183 225 189 139 175 140 74 124 86 102 134 167 116 113 126 186 142 103 16 231 161 161 68 229 23 55 224 55 243 105 54 176 79 62 65 55 8 106 240 200 184 117 194 187 228 26 147 73 119 238 182 76 111 66 67 70 215 73 178 165 245 126 169 69 196 64 19 55 165 191 114 193 81 28 118 165 
18 204 206 166 51 62 62 73 180 189 242 217 67 151 18 173 104 127 150 174 0 48 92 19 236 83 119 111 10 163 203 238 100 79 215 219 168 159 209 102 217 219 248 165 67 105 38 216 180 53 164 241 233 86 67 84 71 238 168 219 204 81 232 29 68 106 85 240 192 91 151 44 68 100 254 178 192 6 22 173 65 104 124 24 105 249 241 129 29 87 173 12 125 112 245 186 
25 231 240 235 97 185 183 34 94 32 171 9 160 183 11 181 120 223 198 42 103 98 141 34 213 87 45 10 6 70 28 78 75 140 81 214 117 0 89 209 143 214 168 177 205 196 45 118 191 100 41 48 202 218 64 191 217 182 209 222 80 28 131 96 66 34 32 184 227 121 167 191 64 80 156 178 45 117 163 122 127 189 77 49 124 167 50 225 144 60 64 143 66 57 82 120 
101 112 4 154 147 108 198 118 215 84 48 21 170 17 150 73 33 179 219 53 100 17 138 15 98 176 34 37 195 231 178 30 30 64 166 131 109 32 225 126 190 171 12 225 43 226 45 105 11 14 123 69 106 98 113 210 183 220 33 169 189 108 203 219 213 88 174 123 89 223 30 93 91 29 215 30 151 46 145 100 167 150 212 103 118 224 14 177 247 134 227 34 23 17 196 54 
240 129 195 139 63 239 165 157 24 113 57 212 216 62 233 194 92 19 143 165 112 213 138 52 138 119 16 152 185 30 197 184 216 131 141 185 7 153 159 197 92 113 220 12 213 90 94 9 145 76 83 7 64 135 12 227 217 119 81 19 139 219 248 231 245 38 182 15 153 37 52 94 142 227 101 206 118 202 24 195 176 10 201 148 207 63 189 71 74 78 78 156 116 143 131 78 
175 50 227 149 221 219 139 239 24 144 127 32 163 213 62 119 32 21 153 84 3 68 196 231 70 195 174 58 95 132 142 114 111 110 190 82 188 3 205 0 97 64 208 12 68 196 248 174 73 53 106 79 197 224 74 75 54 159 25 246 49 0 66 221 155 163 239 78 28 228 33 26 209 186 0 153 65 223 112 239 147 50 228 142 254 89 119 252 128 170 57 215 211 76 198 22 
157 153 30 145 231 199 176 196 208 200 184 207 130 110 203 194 102 211 176 24 148 248 114 129 142 172 179 229 45 176 67 165 219 24 242 36 3 244 162 134 198 48 160 183 240 185 52 175 42 225 118 245 113 5 100 98 198 109 50 40 39 115 225 19 191 232 19 14 90 179 30 232 27 187 95 88 113 8 209 63 71 37 221 46 123 200 116 40 146 180 92 169 170 223 199 230 
175 208 42 87 210 76 76 115 55 49 158 187 238 162 202 249 37 100 142 202 156 136 203 90 89 75 217 111 156 58 30 169 21 154 223 8 85 6 85 174 131 90 4 230 80 208 72 102 44 105 49 209 187 143 144 128 130 248 82 130 231 205 13 225 88 12 217 39 202 43 97 33 101 254 58 227 125 218 115 12 197 251 109 76 191 35 236 35 119 132 111 235 113 224 189 24 
224 239 193 191 24 1 151 85 70 228 231 186 95 8 114 117 86 225 234 66 146 141 7 202 159 183 215 177 36 187 86 213 21 10 62 213 41 209 32 209 143 213 180 113 221 161 110 41 73 228 81 187 27 21 8 253 98 88 51 220 230 165 255 161 95 39 249 115 228 226 36 29 166 153 72 18 222 239 142 174 4 204 74 191 66 2 24 68 40 49 42 117 161 232 224 3 
38 12 153 160 49 126 202 194 245 248 77 164 76 56 251 142 241 97 124 87 239 158 94 40 89 8 101 130 60 202 34 131 210 130 199 101 248 235 58 71 226 186 104 48 14 197 220 81 118 106 144 138 10 47 3 48 93 166 139 14 159 148 237 169 203 81 43 201 33 114 157 52 215 166 67 189 12 222 90 125 253 177 45 97 123 254 46 229 157 211 69 30 178 141 104 254 
121 65 108 212 149 91 27 18 59 133 134 83 46 203 157 156 237 252 252 226 42 83 8 205 127 86 59 188 93 255 188 9 69 26 51 142 58 238 219 104 118 31 217 250 92 211 204 53 174 20 165 23 0 118 185 114 108 249 20 239 136 48 16 82 149 163 39 0 249 115 6 190 240 60 226 187 126 63 15 209 168 193 207 8 227 174 104 92 205 130 121 192 27 105 141 98 
210 165 241 49 187 49 195 157 16 164 76 157 124 87 144 247 67 202 34 188 188 68 61 17 8 186 17 53 254 242 91 192 101 233 56 41 102 113 59 139 64 30 189 169 62 99 116 47 231 249 72 59 116 128 97 27 135 105 133 89 25 19 161 244 180 52 165 241 227 123 149 18 232 116 221 230 172 171 230 2 252 20 230 141 241 170 252 2 176 87 124 49 84 20 136 135 
41 81 224 144 27 151 250 186 110 108 86 92 175 119 12 246 234 228 167 187 29 10 53 76 237 75 159 199 152 60 55 0 43 6 144 14 245 13 146 10 59 207 205 19 45 14 14 149 25 49 48 203 223 232 53 131 165 15 150 34 203 213 214 231 33 29 93 116 88 36 132 138 183 100 237 20 15 185 21 103 241 195 44 200 30 139 36 46 63 105 8 74 215 37 143 197 
117 92 241 201 46 37 249 194 74 245 91 102 62 192 73 243 219 97 65 183 196 60 41 214 37 34 157 72 162 117 136 33 142 140 241 21 94 88 24 59 93 72 194 17 161 107 209 193 61 213 23 162 184 67 108 2 190 2 254 35 22 12 233 131 212 117 8 96 208 5 10 124 86 39 200 30 31 1 213 89 128 229 87 144 226 232 22 58 114 208 211 227 26 52 219 115 
175 222 220 179 108 116 246 13 159 88 21 148 162 204 127 68 13 90 169 138 42 115 79 7 169 86 195 145 149 51 134 122 135 144 21 21 26 237 5 119 158 163 82 123 17 18 245 9 75 251 180 151 120 43 62 239 203 90 119 51 113 82 17 31 196 84 92 143 194 183 95 65 189 210 39 219 83 28 95 48 161 146 33 191 180 89 12 124 64 165 151 212 149 217 164 235 
206 240 89 40 76 27 43 243 99 171 59 189 82 50 230 65 121 229 151 10 198 69 224 54 113 255 202 121 233 16 105 101 14 44 179 232 160 97 146 22 247 248 55 40 245 156 178 197 58 190 191 129 150 55 227 164 196 47 184 44 85 62 133 21 234 210 18 215 166 209 187 49 227 127 194 37 36 161 234 68 75 227 65 43 13 119 61 78 162 255 10 244 193 173 35 131 
203 168 32 254 71 178 206 204 142 9 133 187 199 138 182 68 22 28 196 17 17 76 21 188 116 53 104 218 21 163 105 56 26 120 130 100 105 78 245 111 96 93 40 242 199 159 63 79 2 51 240 57 139 0 147 119 160 154 121 228 57 105 127 187 61 8 227 17 245 235 86 163 193 69 82 210 10 40 173 236 119 238 111 173 100 217 225 6 144 246 230 28 21 71 142 148 
158 32 233 14 212 210 25 239 25 135 171 100 121 109 40 164 221 23 230 117 130 32 36 241 170 17 86 138 146 132 190 76 163 138 60 98 236 75 103 220 208 236 220 175 252 182 215 253 157 116 0 151 207 28 135 193 88 178 114 53 150 106 54 106 182 13 133 21 39 157 104 241 78 60 141 187 124 74 226 129 29 206 99 29 50 23 47 253 1 163 226 37 10 63 31 118 
62 112 108 48 108 18 67 182 252 63 101 145 223 114 114 184 198 236 183 14 146 87 71 45 12 170 77 98 215 76 160 248 163 124 152 186 162 240 33 179 64 188 13 56 15 118 175 41 0 152 165 115 217 37 245 217 227 144 92 245 227 217 226 121 76 249 178 187 179 128 41 113 131 125 45 184 242 158 192 92 52 152 212 83 238 201 97 138 237 28 182 229 24 46 13 129 
163 175 97 60 134 10 132 119 46 72 108 26 114 49 205 217 200 181 238 182 185 139 181 199 146 24 3 58 93 146 72 150 15 101 78 67 3 214 89 77 167 230 114 101 118 121 0 41 38 183 152 165 34 179 22 25 58 74 237 252 153 79 187 66 248 229 33 219 18 43 209 124 88 31 232 161 229 188 127 211 180 102 124 38 17 136 174 7 77 124 26 52 182 171 143 12 
198 245 129 9 155 83 20 139 167 186 118 215 169 67 114 95 220 138 66 68 110 83 165 25 51 116 50 234 155 239 236 124 226 94 22 215 134 148 73 2 254 129 195 14 169 86 2 85 5 234 146 4 33 92 35 215 85 251 222 36 48 98 249 27 178 231 137 76 187 55 152 106 196 58 120 78 205 61 86 62 150 79 18 112 18 235 79 202 25 216 198 236 93 78 223 112 
32
90 130 112 35 131 42 73 97 174 60 159 253 63 152 162 249 129 109 143 42 72 81 121 232 213 145 73 10 249 197 4 18 126 168 76 164 194 39 42 61 165 184 10 33 165 237 7 149 72 73 105 79 187 82 108 43 184 231 68 31 172 212 93 113 26 164 231 39 58 183 146 192 231 148 150 33 184 127 247 210 108 79 7 106 139 122 44 72 74 114 227 132 175 52 5 37 
247 29 74 149 53 0 11 82 59 119 76 229 189 118 249 24 180 38 112 100 1 240 64 169 83 215 48 34 74 12 132 151 221 188 123 212 249 45 28 91 106 9 50 86 255 250 150 207 233 118 172 35 101 221 48 180 155 193 51 223 197 132 96 46 147 41 132 206 206 100 78 67 61 243 83 90 197 49 84 95 211 233 196 145 255 104 133 211 233 214 243 164 103 198 35 81 
227 11 108 105 254 205 39 114 121 221 180 218 86 70 190 49 58 37 191 149 22 186 198 109 6 190 120 90 122 247 84 106 147 11 60 143 208 146 49 80 233 110 95 191 251 95 89 171 230 210 165 22 243 250 123 233 187 34 202 231 68 66 124 224 108 208 251 39 139 216 244 70 84 79 91 239 252 165 175 54 159 153 127 254 223 81 45 177 206 170 242 53 14 205 34 27 
54 3 177 25 120 202 247 186 129 40 176 84 161 63 71 59 44 34 84 52 32 231 99 44 7 253 247 42 31 192 206 131 185 75 103 77 223 141 194 21 57 160 103 213 50 85 169 32 86 20 44 160 254 227 165 194 48 196 225 176 193 68 9 128 188 81 36 170 8 76 221 192 68 95 134 89 246 17 94 79 229 23 15 42 195 109 123 219 15 166 184 174 58 129 89 122 
9 188 240 26 58 45 209 33 106 14 24 202 54 153 237 46 161 213 6 186 181 175 110 223 110 76 133 11 211 158 73 217 102 53 211 133 190 88 36 162 115 85 34 15 58 21 222 39 81 243 24 56 30 206 5 54 19 93 80 177 212 195 94 5 156 100 214 209 221 246 97 170 38 219 174 16 74 174 186 160 191 28 78 140 68 245 201 73 198 130 31 135 133 26 34 102 
115 240 0 231 220 47 13 160 76 73 195 181 174 139 7 3 177 246 174 158 112 74 64 126 81 99 252 117 45 200 28 100 178 130 90 175 6 42 178 238 173 70 106 230 173 214 80 183 240 41 67 86 233 245 244 62 123 167 238 99 22 248 212 104 35 193 234 17 162 16 215 251 17 123 170 139 144 180 26 36 68 94 18 157 249 31 109 242 11 247 254 57 134 208 211 216 
140 86 186 246 247 8 5 47 64 143 139 140 160 79 239 178 116 61 37 89 230 240 49 0 202 250 50 223 198 120 160 30 182 232 210 68 78 59 195 242 1 43 21 209 34 207 86 201 74 109 131 116 249 143 202 210 128 89 148 62 30 25 195 160 105 32 56 229 239 209 153 172 30 247 81 66 97 92 216 209 140 151 52 212 122 37 192 206 244 187 44 60 213 219 197 200 
108 166 246 191 34 241 15 197 93 154 70 200 164 28 252 50 3 98 65 99 177 217 153 94 240 201 0 194 53 229 45 253 137 33 20 188 47 195 174 165 135 189 252 73 50 58 74 84 119 119 177 7 229 212 223 233 58 43 27 185 132 96 131 166 134 57 152 195 93 112 253 181 100 7 124 174 84 220 74 160 176 125 140 170 96 61 25 215 155 136 130 7 11 115 80 45 
44 151 140 187 246 32 133 91 187 33 205 224 82 43 133 124 117 29 218 51 104 61 208 143 219 136 63 150 18 71 26 249 67 227 247 142 64 250 204 0 85 178 247 198 116 78 130 81 143 255 164 138 70 252 139 123 194 212 88 76 225 3 108 114 147 196 226 35 132 39 92 13 251 99 3 71 2 109 201 136 199 202 242 151 66 161 210 2 24 20 216 19 191 208 203 0 
227 227 84 98 9 207 189 232 115 220 248 77 67 178 227 135 227 38 202 66 163 85 45 140 164 239 196 210 246 214 193 11 253 232 85 51 25 24 117 251 133 196 222 191 128 67 87 184 171 189 54 115 179 63 37 129 47 14 38 113 204 60 213 251 167 122 237 126 250 45 14 173 251 196 190 132 1 72 173 130 233 52 61 18 184 136 65 74 129 25 5 215 138 43 144 56 
170 65 37 43 245 52 16 101 156 131 159 134 14 234 110 76 99 54 231 7 251 87 10 77 98 183 106 238 119 202 120 42 206 231 4 34 82 86 1 141 47 170 137 172 239 80 33 128 226 105 61 58 196 213 7 243 154 144 92 157 221 66 23 58 218 17 147 76 89 186 107 140 125 224 132 222 235 164 78 133 46 117 70 147 91 41 192 164 240 77 227 204 2 186 245 206 
152 105 217 143 82 137 213 202 78 206 153 4 75 11 125 195 15 3 11 251 7 125 189 201 46 150 7 99 47 91 152 80 206 151 222 212 132 234 200 175 105 27 207 7 88 175 55 162 77 187 146 88 17 246 135 200 26 18 209 75 172 77 138 38 69 67 170 4 56 6 203 163 152 112 47 205 87 184 3 138 175 68 229 148 193 190 165 11 125 106 72 106 193 183 83 186 
197 20 70 5 182 4 102 14 161 117 191 63 147 78 106 227 255 71 12 149 95 253 159 248 30 70 117 169 182 193 121 114 22 178 185 193 70 13 33 88 77 209 137 69 83 151 243 21 3 107 13 69 51 218 254 249 199 76 94 240 210 149 134 184 255 198 11 30 48 73 133 233 100 45 149 200 222 190 38 136 132 89 242 138 133 126 72 117 62 39 13 40 95 88 2 243 
73 248 68 6 187 223 25 41 174 48 233 174 125 233 139 164 73 184 195 78 156 17 8 212 76 125 138 55 163 53 115 138 188 239 109 96 48 248 101 129 243 131 143 225 120 65 171 210 28 49 134 120 193 186 195 125 185 247 219 7 231 82 99 231 32 84 142 20 215 187 242 87 250 205 143 71 23 237 13 120 195 108 69 240 60 161 3 218 77 60 10 127 114 215 89 113 
61 206 173 9 248 81 71 20 140 183 239 202 162 21 57 0 7 16 7 158 85 239 79 82 208 245 31 134 142 237 222 144 219 6 212 41 219 225 237 33 113 233 185 81 96 227 184 208 176 197 213 106 84 204 48 77 9 201 32 6 129 188 121 172 193 163 10 91 200 148 106 228 113 10 245 195 154 125 17 82 134 53 182 60 128 95 45 51 193 97 23 230 148 107 178 45 
184 78 88 135 6 146 72 199 83 194 169 10 152 11 204 236 81 6 178 252 34 209 206 109 192 100 11 14 15 34 17 124 136 175 196 149 222 2 14 49 225 187 223 13 162 182 114 8 216 224 209 146 130 73 155 97 206 123 5 101 58 11 31 255 249 109 89 110 152 12 69 138 225 154 158 180 0 165 138 13 228 108 28 230 232 240 29 120 179 78 12 213 92 75 99 31 
210 49 28 248 124 218 116 57 28 10 239 231 249 2 156 99 61 81 154 224 156 238 219 26 54 132 40 70 191 13 101 68 221 162 23 28 209 145 35 168 90 177 216 142 214 242 48 114 171 56 83 105 229 106 93 176 33 197 97 158 169 119 174 215 224 105 81 195 225 92 219 62 99 55 100 145 224 159 207 161 246 201 80 103 13 140 44 160 58 187 192 198 99 177 197 62 
164 45 210 211 242 97 34 99 254 69 152 216 92 49 0 90 229 171 152 196 90 126 207 84 74 12 76 166 53 228 50 227 241 151 163 54 77 200 131 127 245 131 126 76 149 208 76 5 65 135 51 102 21 101 206 50 24 96 14 38 102 56 126 44 143 79 203 210 58 186 131 250 14 152 29 211 210 162 58 8 210 4 42 55 133 108 178 164 110 96 12 47 64 212 48 131 
69 252 82 145 0 95 172 61 18 45 125 86 90 210 82 204 96 203 132 29 244 184 2 17 18 179 80 167 9 225 208 79 220 70 65 89 233 222 133 174 200 233 167 190 118 134 28 185 179 131 73 2 168 116 70 225 205 2 226 120 10 134 231 248 29 215 159 20 59 95 150 182 250 117 162 241 110 231 33 56 146 213 130 205 234 198 7 123 103 245 200 136 139 236 252 230 
205 84 116 169 63 12 104 190 110 120 118 217 138 28 232 175 199 105 54 102 2 214 203 73 168 51 12 193 212 58 151 128 183 104 200 0 61 11 130 44 237 155 44 93 18 77 249 135 24 230 109 181 56 205 29 178 88 101 182 9 44 153 64 48 162 185 164 1 125 132 108 105 63 134 203 100 77 164 221 41 78 245 47 161 212 211 130 30 62 50 204 74 221 49 128 94 
85 239 15 148 70 160 175 222 44 224 91 216 132 70 27 251 49 61 133 20 29 15 132 245 35 67 88 107 45 41 222 112 153 179 18 161 226 134 210 242 124 81 229 160 255 94 59 103 136 103 118 246 92 170 170 160 207 63 97 84 101 170 227 207 54 173 180 16 151 96 93 12 246 131 111 164 6 18 198 212 29 26 11 45 218 204 124 133 10 207 240 237 204 219 21 227 
244 132 253 201 174 83 217 150 100 27 4 204 225 138 67 170 182 255 75 162 220 155 131 13 156 155 12 30 172 229 255 20 155 224 245 180 110 137 205 247 140 196 169 0 215 239 58 80 28 189 62 61 173 66 70 160 76 74 189 207 75 239 38 203 242 107 165 186 33 42 193 151 54 36 104 40 49 105 51 48 23 253 236 231 148 231 78 167 227 133 11 232 243 34 20 110 
194 202 20 193 13 93 61 222 44 227 72 44 56 31 183 177 110 103 94 134 216 179 33 136 42 243 255 81 234 166 80 103 211 168 74 178 124 75 202 52 53 170 82 244 49 58 77 59 235 162 155 3 194 205 73 173 230 61 160 242 120 162 98 28 237 171 80 118 180 28 239 1 24 33 140 104 103 225 126 54 84 87 171 71 154 93 78 124 226 10 247 179 231 62 211 247 
216 123 45 243 254 247 53 173 158 239 0 113 33 61 209 10 114 45 151 57 168 141 182 95 229 3 10 125 125 164 41 94 91 193 233 19 161 4 35 160 143 188 182 245 166 118 206 32 13 205 102 192 51 131 11 189 182 208 227 54 132 249 239 187 64 37 141 189 231 109 65 66 179 50 180 221 63 179 253 222 237 222 32 198 133 103 212 254 30 24 138 200 66 104 170 117 
77 78 32 217 22 87 23 252 209 247 4 18 52 28 231 173 217 9 206 50 228 98 154 137 229 131 5 25 0 22 228 244 75 229 170 78 119 236 46 52 179 179 174 123 205 219 19 246 154 246 118 236 153 156 228 200 211 187 94 19 5 46 36 160 1 145 52 6 82 84 13 83 31 15 184 255 82 21 9 31 248 76 35 219 235 60 58 34 175 101 157 157 155 214 243 225 
57 251 196 232 239 183 60 194 222 178 44 136 10 245 82 146 187 180 218 233 36 106 36 255 67 44 200 158 8 54 216 31 185 203 101 220 149 60 68 232 184 70 17 253 62 160 117 181 171 213 165 253 139 80 43 199 85 181 233 0 149 120 91 194 74 168 28 202 141 11 172 44 116 112 112 69 54 65 250 242 144 88 139 255 103 19 214 227 174 171 7 170 138 193 4 50 
180 58 243 154 32 77 252 248 220 218 80 74 58 254 106 176 49 228 149 216 1 222 174 185 22 180 43 132 47 60 92 215 191 42 241 52 147 42 189 179 182 44 185 243 146 255 76 86 87 34 201 110 161 215 58 178 85 120 92 118 203 14 234 26 51 32 30 129 49 201 118 196 203 13 180 40 133 109 40 78 202 185 49 170 142 38 2 54 50 161 162 104 168 98 54 97 
215 195 131 103 65 83 175 149 227 38 71 209 92 112 135 255 82 82 213 116 18 244 142 174 118 212 5 66 12 94 201 21 116 188 39 207 10 239 240 141 198 31 125 215 96 47 239 209 183 149 187 181 115 105 103 128 233 187 142 236 64 42 42 159 210 178 19 162 213 198 194 20 59 159 91 32 214 211 235 44 192 41 237 83 250 172 20 22 83 254 68 78 140 239 225 101 
185 78 77 198 234 0 172 146 11 78 235 149 9 131 0 120 55 183 115 56 239 230 29 215 124 69 48 81 55 213 119 209 241 56 223 37 145 196 55 111 254 214 52 30 64 104 184 29 226 230 83 74 154 62 11 42 44 55 88 219 139 3 115 74 65 23 208 166 18 58 233 20 220 220 62 164 194 170 154 131 137 95 151 115 66 221 100 121 42 124 198 213 206 162 93 55 
115 148 41 48 180 139 77 231 109 11 18 13 216 112 46 19 246 202 71 154 49 234 179 43 63 189 130 40 73 217 190 2 77 86 241 173 193 223 232 81 121 8 183 67 202 226 253 51 240 206 105 167 173 142 125 168 51 162 146 186 68 209 29 18 152 6 48 4 127 93 68 187 199 126 53 44 224 42 142 76 62 19 7 129 255 241 76 87 206 210 0 117 7 177 2 207 
27 75 239 29 55 46 232 139 32 19 149 178 98 109 105 199 169 66 40 18 111 58 167 162 215 246 212 64 217 162 245 161 160 206 53 224 48 121 92 43 76 111 222 188 151 214 23 10 249 3 213 65 68 146 23 240 24 181 20 2 4 204 127 240 237 54 10 53 180 103 41 1 19 59 24 49 200 138 31 127 246 253 21 246 200 32 35 170 87 184 202 165 206 86 39 36 
204 44 118 4 9 32 214 119 61 31 75 251 61 180 9 141 103 217 240 25 65 13 83 54 93 166 253 16 128 105 118 165 2 88 130 53 120 203 235 243 145 194 128 1 62 122 94 155 22 62 110 147 248 128 47 253 242 40 182 43 97 44 243 220 90 97 53 176 73 145 240 223 216 205 191 43 19 4 165 19 201 213 152 74 53 162 64 103 221 230 252 222 187 200 38 47 
32
240 152 93 196 153 110 162 218 231 14 97 3 123 102 92 73 70 117 39 64 154 13 221 232 135 215 17 212 100 151 7 140 172 177 36 49 12 237 164 95 185 119 139 87 7 42 222 94 56 13 18 96 145 30 197 217 180 79 172 246 41 207 205 247 62 138 238 215 17 243 77 47 235 1 145 88 207 119 1 207 83 105 244 222 175 252 136 121 20 109 151 103 63 85 231 162 
77 43 161 255 209 10 5 17 36 180 91 75 252 216 45 102 64 144 179 2 27 46 143 144 80 56 187 111 205 177 191 85 130 154 39 241 115 185 52 207 12 153 210 123 181 210 202 233 167 138 57 20 254 60 65 230 15 185 254 88 251 108 187 218 133 225 102 245 32 137 66 47 76 183 220 47 35 239 64 33 47 96 108 92 127 175 5 66 250 246 73 104 243 13 69 248 
253 8 72 83 0 0 151 250 140 23 98 174 110 182 247 214 129 25 54 34 199 14 69 110 184 249 133 233 218 28 196 118 146 21 180 82 58 168 155 247 115 191 77 65 189 175 88 208 69 189 126 173 253 225 104 48 242 202 152 33 219 33 160 29 237 18 145 59 247 9 183 240 170 185 131 48 56 99 201 214 34 85 44 70 74 177 214 81 80 111 108 89 27 165 64 181 
182 6 201 86 94 169 81 171 217 13 238 195 9 89 179 178 192 232 39 53 214 4 246 153 121 242 231 216 197 48 14 6 148 250 67 235 152 18 211 242 167 193 117 66 85 25 127 42 200 126 89 194 200 101 50 207 22 90 243 232 255 72 113 215 48 245 231 66 204 204 163 139 188 223 255 244 71 44 147 7 226 31 169 53 73 89 241 189 206 176 119 207 241 119 209 241 
50 255 157 163 35 93 43 62 193 110 118 34 4 25 89 16 181 212 255 213 128 106 156 41 74 251 90 214 197 68 151 29 65 32 77 85 197 79 209 213 94 119 193 20 183 104 55 15 234 164 67 235 150 31 153 220 50 67 134 69 160 55 41 33 5 97 223 161 217 42 255 22 58 1 200 18 134 162 151 202 40 152 93 191 178 0 81 158 45 145 226 100 172 217 240 197 
40 201 59 207 135 116 28 203 254 20 115 100 153 78 224 11 24 183 54 153 253 150 44 54 227 236 86 122 17 177 84 211 79 97 74 39 249 183 144 186 81 184 170 81 25 244 122 152 98 9 180 193 159 104 147 110 253 92 202 209 247 72 190 17 36 48 242 240 84 122 194 172 220 246 85 34 46 29 205 57 173 150 192 126 191 255 236 12 35 233 38 175 133 36 148 73 
79 62 28 116 195 70 28 104 71 213 92 32 255 80 65 184 161 103 67 26 133 225 160 217 252 156 82 93 227 207 63 65 120 147 177 249 108 162 5 184 57 94 167 144 181 21 62 220 231 131 35 219 26 152 24 157 49 124 55 35 58 209 40 194 70 56 151 200 119 22 229 98 90 152 30 189 119 244 44 108 39 242 74 10 166 172 187 32 105 145 187 72 178 176 182 147 
97 52 184 41 13 42 37 47 83 139 170 238 110 118 115 49 8 189 158 238 80 163 240 41 77 228 199 22 114 246 80 126 114 143 250 99 86 103 43 231 204 63 49 106 194 34 123 243 51 235 9 209 65 7 33 130 133 124 68 211 163 42 96 73 33 81 71 192 121 84 96 82 108 189 156 122 154 128 172 121 80 132 114 249 161 95 181 241 184 98 24 200 108 213 77 189 
21 131 134 134 158 122 44 55 220 12 212 102 30 25 111 141 6 145 192 175 151 52 20 63 142 156 45 61 246 126 127 162 247 45 159 254 239 95 248 96 196 52 192 118 120 116 42 245 253 24 221 59 75 13 166 52 177 52 105 122 104 173 94 192 110 85 121 112 145 141 42 147 202 62 71 242 205 26 71 122 222 36 176 229 230 114 210 151 198 49 182 198 235 235 82 222 
35 5 254 36 175 140 44 153 153 49 83 33 72 145 44 228 81 186 33 245 144 235 3 50 120 156 251 107 167 190 195 198 189 68 21 97 111 226 100 58 215 21 203 76 14 99 67 251 253 228 24 178 112 1 158 203 108 124 32 175 195 177 25 62 229 27 166 113 249 25 60 61 45 242 150 187 74 23 242 135 139 169 125 102 175 59 12 43 77 217 12 219 104 73 188 15 
67 144 154 154 118 185 26 108 66 209 158 182 34 54 163 79 162 18 56 87 116 34 181 26 193 188 169 54 189 16 20 1 126 174 215 37 14 72 104 141 191 185 202 133 190 71 189 28 235 37 50 205 232 60 1 95 112 44 222 10 235 141 138 219 63 122 70 90 232 80 141 105 75 179 2 111 71 210 168 182 14 236 81 18 51 20 89 196 4 49 147 157 25 72 132 103 
45 254 207 128 45 88 241 200 143 198 46 189 229 96 203 229 178 111 126 109 124 47 35 15 34 211 176 57 112 202 107 107 241 65 91 224 4 233 252 114 50 250 55 184 191 120 144 113 127 181 162 37 235 23 200 9 116 27 30 36 24 154 168 176 50 75 208 195 150 138 22 46 221 87 3 165 254 162 94 33 31 198 163 131 170 83 177 122 162 16 195 166 56 64 161 254 
153 37 24 111 11 195 167 197 56 230 123 207 201 102 158 190 55 170 107 207 222 107 69 42 84 186 136 9 248 69 192 28 206 214 25 45 138 28 23 0 234 174 135 125 73 77 182 16 114 105 224 81 178 231 235 224 49 34 85 147 129 48 108 212 120 102 189 68 59 30 206 165 156 183 16 246 166 222 15 223 117 12 236 80 76 80 13 102 225 79 19 142 251 137 12 236 
63 222 234 254 71 80 53 124 245 10 252 131 7 162 17 243 235 155 118 22 212 46 18 130 13 73 168 64 142 217 10 45 205 69 138 161 214 58 178 79 158 174 53 108 148 31 36 20 122 28 101 233 115 7 98 253 93 25 254 242 96 166 205 95 199 163 132 118 15 101 174 228 62 171 161 249 119 223 177 9 202 153 163 18 80 101 101 158 120 198 252 235 156 123 189 74 
216 0 192 197 27 88 146 4 126 10 42 114 213 106 30 155 132 25 23 216 149 207 131 47 7 88 137 117 104 221 66 181 166 101 38 214 34 155 196 119 6 210 183 30 217 70 213 146 80 165 169 133 103 206 36 118 177 216 143 214 236 86 196 106 217 217 158 240 75 183 174 5 125 11 47 70 168 253 60 182 213 68 65 96 240 233 176 61 31 77 245 87 82 109 171 47 
26 101 16 92 190 51 182 118 140 190 124 50 109 23 189 206 188 254 199 176 88 168 143 74 248 191 163 64 191 171 95 205 17 16 100 99 164 151 70 145 218 242 133 42 78 26 191 164 172 219 35 190 199 147 41 101 229 55 128 217 93 150 72 12 101 226 130 75 37 108 197 31 16 175 50 118 115 144 170 254 78 228 62 210 100 51 230 88 142 187 118 105 84 184 207 179 
190 227 82 92 104 57 155 232 213 253 107 93 5 0 229 165 74 32 254 51 87 15 47 234 154 86 108 58 204 153 90 140 198 28 189 224 150 134 47 180 210 229 24 40 44 243 218 97 71 152 76 43 201 175 106 226 178 13 75 146 236 191 83 93 34 148 169 29 214 220 235 75 174 110 33 32 15 240 240 249 237 82 17 0 226 156 1 9 125 234 249 186 220 180 32 239 
125 83 0 92 81 193 54 117 18 161 110 138 215 127 143 55 230 88 51 251 201 93 90 39 164 244 95 250 197 0 43 10 125 98 168 229 46 192 120 249 166 132 232 177 171 40 31 225 215 178 156 100 167 122 223 4 206 51 101 153 207 41 218 117 202 200 139 0 150 94 26 160 17 34 117 220 180 116 8 192 107 102 50 131 163 124 246 103 164 176 244 225 33 185 151 250 
13 141 143 245 177 37 130 50 252 128 254 82 26 234 179 156 72 126 223 159 230 234 9 25 205 114 242 24 228 56 201 95 238 186 158 11 166 156 25 119 14 168 108 92 4 19 134 61 22 1 137 2 151 76 127 227 242 129 73 135 63 44 215 109 20 86 159 140 158 75 71 54 240 161 165 66 154 117 234 106 126 248 26 242 223 43 192 139 187 230 223 118 91 31 43 236 
40 105 121 190 192 187 117 57 73 115 147 76 6 154 72 237 39 106 121 184 230 13 52 217 207 168 158 45 95 152 44 164 209 252 22 234 53 115 9 70 194 39 29 194 109 10 6 140 187 95 142 156 211 125 67 151 215 207 108 243 116 32 66 93 184 21 93 87 36 251 109 38 3 195 42 235 250 75 142 16 223 224 65 229 206 0 85 139 122 100 51 18 194 62 213 222 
133 191 54 79 182 220 7 161 179 82 164 16 210 231 70 64 61 243 122 221 1 32 210 126 97 110 218 208 112 122 77 240 223 255 137 24 19 157 65 126 122 217 114 121 32 102 152 230 125 163 33 202 146 100 34 57 52 245 73 118 167 92 19 91 110 223 62 251 98 198 130 135 2 98 124 110 10 78 235 200 71 245 30 245 169 84 173 129 154 2 104 75 142 109 141 231 
219 102 62 64 204 224 49 130 240 244 170 55 184 41 166 176 65 243 89 166 111 121 219 33 59 155 31 153 78 52 36 91 206 156 111 47 120 114 184 56 239 152 228 27 83 126 51 100 22 164 187 37 11 90 21 223 192 203 86 166 14 57 64 129 238 138 186 16 142 4 126 113 165 85 18 99 3 214 249 172 108 16 42 185 166 128 193 133 209 151 245 188 247 5 74 31 
228 55 7 42 56 30 235 244 186 51 28 88 239 184 96 82 236 64 143 171 104 113 73 217 21 9 228 33 49 31 168 254 87 172 63 198 156 73 103 139 215 58 234 63 64 172 208 28 61 59 211 67 120 183 19 164 53 40 11 29 227 15 196 230 240 239 72 44 226 12 90 252 164 115 100 99 29 58 177 212 7 9 220 201 255 218 137 173 216 252 82 250 53 94 5 159 
87 10 12 164 51 240 44 16 200 229 115 11 175 235 107 64 244 179 148 133 36 96 17 190 167 142 162 254 80 147 210 240 51 4 114 118 183 124 69 143 236 152 253 126 30 70 102 41 170 64 226 191 16 211 21 157 74 229 225 115 92 54 149 162 45 230 97 233 149 56 14 65 183 149 235 5 145 212 11 86 209 184 173 190 234 186 252 19 104 9 249 159 128 208 181 125 
236 183 195 70 246 172 237 238 210 227 38 232 48 27 192 145 18 36 223 203 219 158 46 232 169 3 208 203 229 232 154 73 25 127 127 213 1 97 75 93 228 138 149 111 36 165 238 160 21 139 95 46 11 6 19 228 183 218 80 62 179 6 172 206 91 71 125 222 223 222 145 87 150 147 31 226 149 250 254 76 129 245 21 47 161 122 19 207 55 150 96 66 17 178 83 212 
91 22 165 169 183 171 37 164 144 5 174 136 170 160 86 93 254 106 233 22 198 130 150 112 212 64 231 29 39 117 247 34 192 244 223 126 178 81 113 12 121 232 41 170 140 33 96 155 54 243 195 42 161 167 4 144 52 223 207 24 30 214 0 129 51 233 19 164 248 87 219 87 249 69 119 144 99 5 131 206 206 151 139 180 91 112 197 247 255 123 255 123 30 94 214 185 
92 254 41 100 176 69 205 76 186 35 130 130 86 210 38 189 113 95 41 252 27 102 65 109 222 29 95 142 78 147 225 146 226 58 9 6 2 164 174 180 97 138 49 200 141 18 179 49 197 81 133 74 10 15 224 186 120 203 215 153 215 255 137 212 110 166 155 210 23 250 230 87 153 130 108 169 49 76 145 242 114 120 136 230 80 246 11 165 119 143 79 227 225 42 55 70 
167 72 200 15 23 210 221 253 8 20 27 110 106 9 40 200 33 217 24 23 20 160 40 248 128 113 175 181 147 155 81 177 54 42 118 7 42 177 250 110 86 71 39 96 95 208 224 123 122 126 30 39 126 151 161 121 62 120 223 87 21 218 65 221 194 84 142 0 118 33 167 113 44 36 118 196 57 41 33 210 36 110 131 92 183 98 220 241 86 172 199 17 144 111 109 146 
244 204 249 67 38 169 76 208 50 177 241 229 31 156 83 150 200 177 45 255 231 137 67 39 115 21 80 43 44 227 63 152 116 156 157 24 96 210 79 81 15 248 128 10 58 178 222 143 13 80 6 87 53 148 60 229 59 188 96 236 16 188 29 182 233 204 100 198 76 34 25 189 107 1 12 122 178 242 42 133 156 82 245 174 202 12 49 241 86 168 224 157 101 133 113 182 
251 98 53 151 20 35 18 219 240 210 123 126 174 229 159 64 28 191 225 74 206 121 137 20 109 225 185 134 82 195 162 94 83 104 247 209 221 93 162 117 68 117 183 94 86 17 166 135 54 159 180 116 104 97 172 22 40 112 209 239 0 0 24 119 153 229 148 189 210 87 50 81 15 242 166 98 211 0 165 36 146 251 85 116 192 78 2 191 46 92 18 32 150 195 59 200 
117 226 243 163 24 153 40 57 250 79 50 210 77 58 6 221 215 218 172 146 255 199 243 215 40 173 99 96 61 149 115 27 141 102 252 203 218 171 238 242 172 150 66 245 235 69 47 123 173 69 161 22 77 85 231 37 189 108 171 249 29 253 40 54 140 121 151 124 62 22 234 71 206 207 189 20 214 171 138 198 190 67 28 71 209 126 70 114 150 160 212 49 93 131 194 226 
24 35 172 0 108 97 134 255 8 0 141 119 54 244 125 133 175 220 5 111 180 205 120 134 90 81 197 81 38 175 169 231 217 109 35 157 141 20 41 225 1 51 153 102 50 166 114 130 43 24 68 212 29 199 229 41 178 135 102 160 159 10 69 13 121 94 228 156 201 183 58 183 98 111 201 41 242 75 208 131 216 0 193 190 53 246 245 35 70 75 159 104 241 27 255 28 
8
255 216 69 71 211 35 71 210 189 5 7 159 106 255 81 94 155 101 119 36 225 17 59 189 
164 88 239 67 106 61 219 239 86 229 223 48 239 75 90 250 36 53 74 97 140 103 180 102 
242 22 70 17 16 159 59 192 155 121 127 190 128 104 19 23 110 244 180 171 148 26 183 130 
172 65 56 95 56 112 115 152 11 189 114 36 12 9 233 246 55 234 94 137 228 233 140 189 
76 238 10 225 73 248 40 17 93 17 26 194 246 130 88 155 240 67 68 135 92 181 13 8 
128 147 212 206 30 38 14 136 250 185 42 250 150 77 115 79 64 142 55 177 78 5 41 24 
169 142 4 95 136 13 113 157 126 93 43 178 183 137 97 32 127 63 92 29 3 129 97 230 
92 158 217 85 201 97 175 182 60 136 250 215 25 119 220 94 58 46 169 95 54 121 76 46 
32
102 231 114 25 252 186 123 185 42 70 214 238 254 178 30 179 24 109 20 150 93 21 242 187 240 152 253 35 94 153 90 46 24 21 34 95 39 70 185 96 27 199 91 70 68 250 247 21 37 167 65 135 38 229 3 9 137 62 179 7 159 14 75 105 60 44 85 94 104 204 69 88 87 164 12 88 156 78 234 107 153 238 132 116 58 20 54 45 227 228 170 105 166 116 170 156 
186 117 50 156 40 22 202 169 200 37 18 172 108 119 159 188 91 139 5 230 1 106 53 46 228 209 10 209 218 146 30 205 122 56 226 163 208 234 238 92 85 146 149 202 29 62 189 16 83 198 237 101 227 175 168 20 118 79 250 199 163 50 80 6 99 189 141 251 198 17 89 120 229 50 188 59 24 105 237 112 105 230 100 119 72 170 54 232 128 164 162 212 105 26 231 78 
95 75 89 42 116 83 180 5 98 78 176 134 196 192 214 226 133 53 145 166 152 36 136 177 233 25 43 127 148 19 140 174 86 43 113 186 64 119 167 12 179 46 153 51 136 13 33 113 143 249 157 121 59 229 70 119 155 246 189 81 140 229 231 44 46 166 251 51 148 71 217 147 192 26 158 202 206 22 117 34 111 123 176 120 153 181 23 66 125 131 127 209 186 88 159 211 
208 2 32 27 215 137 243 165 113 90 231 212 253 164 123 255 13 3 240 44 26 92 163 27 119 8 154 135 132 52 93 168 36 135 7 252 113 6 156 71 174 53 157 217 124 127 218 15 81 216 136 28 39 161 147 9 113 204 54 251 83 64 200 181 18 127 217 93 202 134 125 131 95 245 232 95 181 111 59 90 36 68 158 209 38 77 143 21 83 24 121 182 144 69 137 1 
131 48 189 199 74 209 62 96 108 224 239 240 15 60 70 233 108 141 91 209 129 40 62 70 5 52 142 63 161 11 71 148 93 227 220 193 89 174 134 231 189 63 219 19 242 173 162 195 19 252 230 166 158 250 73 164 112 104 155 30 240 90 171 119 138 225 93 211 95 230 253 30 58 89 211 81 198 140 248 240 255 217 104 215 231 139 87 55 122 252 201 220 227 250 93 177 
240 111 105 133 196 65 76 15 204 120 0 48 244 159 239 121 26 108 8 237 194 163 17 8 12 55 63 0 228 178 4 74 121 216 40 96 240 135 27 194 89 226 138 58 226 175 48 101 74 252 239 111 153 9 31 30 15 98 38 18 90 76 72 75 12 98 193 235 75 128 17 61 202 224 152 247 249 131 98 188 121 211 68 229 211 134 40 129 105 197 165 154 173 142 211 187 
144 87 93 174 62 244 215 138 8 186 82 238 161 229 46 135 142 55 48 216 216 226 212 58 4 168 229 33 68 65 74 162 239 253 35 50 47 170 21 177 250 184 225 167 67 155 60 205 113 113 219 207 16 229 205 80 198 83 13 46 137 45 88 8 16 157 60 254 135 107 114 184 135 34 109 170 69 110 51 150 10 201 108 82 227 86 184 203 153 13 70 74 227 25 163 246 
219 126 207 155 175 255 150 169 153 63 29 128 17 38 188 234 65 134 11 233 185 255 64 180 100 32 184 252 186 206 211 115 56 234 5 143 13 46 42 139 23 88 26 176 13 139 126 210 254 242 226 29 250 166 11 18 15 210 138 204 119 21 145 136 15 39 6 100 11 192 214 103 232 181 140 194 163 100 34 85 41 83 22 117 14 20 193 237 129 108 229 66 128 180 133 60 
72 126 249 161 16 124 65 68 246 158 154 62 58 123 79 124 170 242 210 122 93 17 11 77 164 53 240 231 62 115 86 151 203 55 6 207 131 43 20 42 40 91 108 173 57 150 174 78 105 23 60 178 80 101 145 59 95 119 212 66 25 28 172 161 128 154 87 117 206 149 246 34 102 51 43 151 10 126 230 211 78 10 124 167 77 215 250 190 154 120 184 220 122 117 49 99 
80 239 17 27 88 130 144 50 152 112 255 130 20 251 160 19 66 18 187 225 189 48 238 223 61 130 197 59 199 72 139 228 33 125 95 74 137 186 138 101 166 88 15 248 191 213 132 23 43 120 33 231 9 56 23 165 49 219 34 233 106 91 98 44 221 141 103 136 201 4 139 192 121 52 132 128 115 211 57 230 243 133 213 64 151 183 26 24 92 203 249 110 201 118 95 68 
106 103 81 96 128 42 59 77 247 75 133 163 152 190 104 136 128 126 0 119 209 117 162 64 167 156 111 80 78 99 41 51 178 83 70 87 22 242 67 19 9 231 59 231 150 94 184 6 188 174 201 17 30 57 85 38 250 148 174 25 95 233 105 1 155 153 110 247 243 37 75 26 152 78 206 215 214 123 210 103 141 92 89 152 229 205 219 209 62 253 222 80 102 207 199 183 
15 128 240 199 128 139 250 107 138 201 101 248 190 221 93 179 221 207 215 148 144 247 221 73 89 29 38 126 202 222 234 92 245 81 244 79 35 235 249 13 201 160 40 212 183 75 2 242 147 80 108 139 134 128 3 151 53 61 175 42 243 222 123 248 52 85 164 24 69 14 239 8 59 27 64 242 42 143 105 45 151 39 64 7 47 48 244 194 185 164 161 220 73 151 33 148 
182 209 38 169 79 189 133 101 202 130 213 218 125 111 57 108 209 156 122 143 243 206 89 210 204 156 35 29 52 208 133 54 98 16 162 138 167 190 99 43 93 28 14 21 26 180 27 181 41 247 67 172 58 36 217 208 88 107 93 115 28 83 79 233 32 89 65 68 183 217 48 98 219 50 20 42 103 38 182 18 135 127 194 228 108 248 29 195 68 90 120 105 105 230 38 178 
216 243 42 94 230 216 149 18 46 12 15 161 206 140 179 138 211 125 32 194 241 19 204 179 120 177 156 132 131 82 178 155 114 39 135 96 155 129 57 68 61 242 38 3 181 175 185 37 245 57 132 203 49 61 143 168 219 184 240 78 210 94 156 171 215 61 125 211 64 158 197 0 240 44 129 214 134 88 113 236 213 251 23 137 149 61 14 171 87 183 157 78 191 212 140 234 
237 125 54 62 60 245 224 76 47 1 73 165 168 77 130 230 91 11 0 131 131 221 240 195 211 245 202 12 176 122 41 97 157 46 218 41 247 79 51 50 226 187 166 245 131 87 150 28 112 176 104 65 100 227 222 249 56 187 160 17 14 26 28 23 208 154 144 28 217 115 101 185 241 160 191 80 127 61 82 148 250 52 119 76 161 24 127 84 108 81 71 228 66 122 12 20 
108 7 129 160 74 43 31 233 68 249 189 61 4 201 96 88 226 221 84 43 160 68 124 220 88 255 230 13 178 99 162 97 90 190 213 60 178 61 9 203 196 13 199 69 122 193 104 112 17 244 40 102 203 47 124 153 228 13 166 21 200 156 134 5 131 7 179 121 121 114 202 102 87 38 6 238 73 238 17 226 110 192 26 134 137 160 40 148 249 194 174 131 235 239 95 8 
206 41 67 222 7 146 11 195 230 138 162 195 217 24 4 184 224 139 83 18 65 97 40 212 125 103 39 223 130 34 214 115 34 110 175 243 196 101 115 232 90 130 194 73 147 6 233 250 81 155 251 146 93 56 35 97 90 68 56 178 247 254 146 77 105 28 28 64 25 178 171 223 153 86 142 10 221 130 103 174 168 58 57 142 68 238 193 68 118 161 10 130 177 75 60 158 
138 124 180 78 108 67 90 176 141 78 47 141 32 82 38 222 205 174 53 143 94 75 171 132 187 198 196 218 24 209 123 111 109 214 159 164 38 222 41 97 28 178 205 90 197 63 207 145 167 63 24 28 19 22 137 41 15 250 143 63 148 87 248 199 250 114 5 202 176 76 192 252 48 201 143 250 50 17 10 208 32 55 10 190 203 25 2 60 92 135 147 59 141 167 90 174 
25 151 13 73 112 85 198 136 176 220 158 244 209 144 126 162 31 220 50 252 238 26 191 195 137 179 247 85 107 135 74 44 178 143 223 168 208 192 228 14 132 51 34 208 9 132 212 15 141 120 185 94 228 226 104 201 126 199 228 22 150 192 112 74 173 160 164 111 55 87 193 149 148 22 66 23 65 180 179 31 80 81 198 108 21 57 164 83 35 10 129 4 119 26 115 15 
242 19 132 39 13 224 6 37 200 205 38 80 227 233 196 219 81 175 130 175 234 230 27 107 96 198 247 169 116 92 252 132 105 48 166 87 185 36 90 198 8 159 247 3 86 235 175 74 120 220 21 174 201 179 118 24 29 65 109 141 246 80 178 175 251 62 51 135 165 235 102 129 60 214 221 184 2 130 27 116 174 31 166 241 27 102 93 99 66 197 12 54 102 188 62 154 
142 135 82 63 56 253 209 93 76 184 255 248 79 118 176 98 217 191 93 1 73 200 119 82 183 152 251 46 42 105 71 77 11 81 44 8 218 33 68 99 32 142 134 74 165 142 23 27 226 5 99 101 185 161 109 240 100 2 99 253 172 31 118 206 91 229 233 105 243 33 103 154 160 159 153 55 108 147 248 167 178 57 224 165 213 185 230 66 49 77 108 41 82 165 115 39 
100 139 176 235 235 195 225 10 181 53 97 70 12 78 250 15 48 163 251 74 4 215 139 82 7 191 61 60 134 197 229 96 16 138 169 20 43 208 91 187 69 150 6 255 237 132 198 90 67 138 221 219 173 197 4 39 204 162 255 190 175 69 116 127 70 44 253 111 25 15 124 182 57 11 175 234 119 0 4 144 213 56 174 224 58 73 248 201 106 60 217 53 52 238 201 142 
238 183 212 129 30 74 237 2 122 220 132 144 19 137 91 186 205 243 149 226 18 44 16 65 199 214 244 43 127 136 140 148 239 116 85 212 163 71 85 167 239 81 174 120 39 230 115 223 18 4 186 104 157 53 243 150 205 183 120 39 247 219 101 154 51 171 169 239 14 207 93 174 127 178 85 42 29 224 245 7 142 179 70 250 67 46 73 208 98 41 140 178 4 174 250 167 
161 164 247 90 200 170 173 30 20 70 160 47 91 63 137 58 40 71 97 32 108 221 188 248 112 114 88 83 14 203 246 195 33 166 104 158 58 160 236 255 149 86 184 14 75 203 214 129 200 10 50 99 128 12 242 20 222 219 5 146 125 248 255 246 155 250 36 66 203 121 194 89 233 42 197 79 83 75 133 227 86 66 226 74 231 129 147 47 148 172 187 247 186 254 189 73 
247 233 82 206 226 252 217 53 250 10 238 123 221 137 61 105 187 56 152 94 9 5 72 78 122 45 161 11 43 165 218 195 29 185 27 202 233 243 214 154 175 62 91 25 80 75 167 26 221 52 125 37 79 95 185 123 120 166 224 85 57 180 251 109 246 178 166 191 71 36 100 145 240 13 53 177 20 90 107 254 165 125 185 41 31 89 141 189 118 94 159 93 76 245 202 77 
104 30 28 53 100 87 41 33 165 193 164 203 145 126 48 29 251 93 115 242 226 185 108 29 92 158 7 172 205 46 239 110 92 67 164 178 168 86 205 82 182 160 207 240 47 126 158 128 200 26 212 6 1 72 0 161 18 174 64 201 34 40 18 213 187 107 103 192 123 232 249 44 12 243 223 167 86 36 94 46 242 253 3 239 226 206 238 83 128 214 113 60 181 171 218 140 
107 220 140 230 69 212 85 184 141 1 251 121 110 54 24 47 99 78 40 53 239 19 225 59 143 94 195 142 237 127 239 154 86 222 60 173 110 227 136 253 34 20 76 237 223 125 115 140 1 85 109 94 143 222 127 96 37 141 93 70 49 107 250 7 98 187 159 155 94 221 59 3 180 114 250 139 17 193 24 76 182 90 248 244 41 248 112 202 43 172 103 236 235 56 163 219 
121 185 220 58 125 138 21 211 41 100 44 219 108 202 175 119 105 164 241 127 39 42 93 129 138 3 11 9 130 174 145 31 130 34 28 18 52 177 191 116 107 50 10 102 89 95 223 22 2 124 129 133 240 58 238 142 40 218 111 36 94 149 109 219 101 60 134 169 233 28 224 238 96 36 189 179 62 74 80 47 104 42 208 144 236 240 202 248 239 121 187 197 231 181 222 21 
10 80 67 137 5 145 33 74 242 130 109 74 132 81 171 205 133 246 5 39 131 22 154 199 198 39 24 116 133 214 141 215 89 165 122 58 241 217 42 143 8 147 65 180 148 61 152 245 64 39 72 211 29 114 5 3 148 46 174 186 160 191 33 40 58 133 84 66 20 188 162 197 137 160 98 120 212 213 190 177 129 7 195 26 34 206 180 181 67 212 164 30 160 57 67 17 
149 54 249 43 213 1 49 245 95 241 248 30 174 227 198 8 48 220 155 135 250 240 78 229 186 98 34 41 237 12 155 152 82 1 144 125 158 114 128 38 113 206 42 47 137 45 87 3 54 239 251 159 13 160 124 153 225 31 82 97 239 0 208 200 89 46 65 190 214 213 55 96 167 127 32 50 205 125 26 168 121 136 9 236 196 168 230 219 160 85 90 80 14 220 139 166 
146 5 54 120 228 243 254 171 233 75 3 175 225 153 183 1 226 239 237 245 133 207 51 178 223 74 98 126 179 106 115 60 229 206 148 50 50 148 123 16 31 124 251 46 47 73 213 22 89 107 208 66 185 220 12 39 134 72 147 114 68 112 49 145 59 208 134 117 39 127 89 150 49 88 47 56 30 87 28 237 199 69 218 92 201 152 24 64 125 149 20 180 43 183 108 173 
122 84 50 200 43 126 62 70 7 40 200 84 22 137 54 144 18 198 50 202 27 203 0 7 172 121 14 204 206 7 205 153 140 162 192 179 166 87 211 38 138 51 237 11 127 169 200 7 36 51 1 20 25 60 107 132 252 62 169 67 151 40 252 92 87 2 89 190 0 211 191 65 160 195 199 228 194 125 125 88 227 215 110 195 42 181 2 190 83 42 12 159 237 225 160 254 
8
188 37 114 162 186 170 156 50 30 126 103 69 206 250 141 57 249 162 94 181 252 109 189 155 
135 96 107 55 251 97 136 189 23 75 86 242 212 62 65 41 141 57 28 113 99 234 174 13 
224 196 109 36 219 83 137 186 155 204 44 223 63 233 1 38 92 243 243 89 233 32 55 107 
88 32 140 174 6 243 193 70 213 253 120 222 23 92 43 154 175 121 108 76 114 221 113 234 
212 71 207 64 192 251 134 226 199 92 62 101 125 189 208 206 32 117 8 75 123 49 170 33 
10 143 178 230 95 232 224 240 196 108 116 13 34 117 55 116 34 21 186 252 145 241 226 140 
9 83 164 211 206 122 14 57 246 53 135 21 205 176 87 32 119 141 106 42 215 54 80 11 
176 114 137 221 10 55 0 104 216 192 213 222 215 222 95 201 185 147 114 65 131 221 221 98 
4
208 55 253 167 231 220 142 186 156 50 110 176 
54 49 74 212 227 34 212 95 6 166 184 156 
210 251 210 74 24 123 158 66 93 101 240 90 
48 224 229 136 187 61 25 75 151 125 26 70 
