(0,0,255) (0,255,255) (255,255,0) (0,0,255) (0,0,0) (0,0,255) (255,255,0) (255,255,0) 
(0,255,0) (255,255,255) (255,255,0) (255,0,0) (0,255,0) (255,255,255) (255,0,0) (0,255,255) 
(255,0,255) (0,0,0) (255,255,0) (255,0,255) (255,255,0) (255,0,255) (255,255,255) (0,0,0) 
(0,255,0) (255,0,0) (0,0,255) (255,255,255) (255,255,255) (255,255,255) (0,255,0) (0,0,0) 
(255,0,0) (0,255,255) (255,255,255) (0,255,255) (0,255,255) (255,0,0) (0,0,255) (0,0,255) 
(0,0,0) (255,0,255) (255,255,0) (255,255,255) (255,255,0) (0,0,255) (255,0,0) (0,0,0) 
(0,0,255) (255,255,0) (255,255,0) (255,0,255) (255,0,0) (0,0,0) (255,0,0) (0,255,255) 
(0,255,0) (0,255,0) (0,0,0) (0,255,255) (0,0,255) (255,255,0) (0,0,255) (255,0,0) 
1 1 1 1 1 1 2 
1 1 1 1 1 1 1 1 
1 1 1 1 1 1 1 1 
1 1 1 3 1 1 
1 1 1 2 1 2 
1 1 1 1 1 1 1 1 
1 2 1 1 1 1 1 
2 1 1 1 1 1 1 
1 1 1 1 1 1 1 1 
1 1 1 1 1 1 1 1 
3 1 1 2 1 
1 1 1 1 1 1 1 1 
1 1 1 1 1 1 1 1 
1 1 1 1 1 1 1 1 
1 1 1 1 1 2 1 
1 1 2 1 1 1 1 
(0,0,255) (255,255,255) (0,255,255) (0,255,0) 
(255,0,0) (255,0,255) (255,255,255) (255,255,0) 
(255,0,0) (0,0,255) (0,0,0) (0,0,0) 
(0,0,255) (255,255,0) (0,0,255) (0,0,255) 
1 1 1 1 
1 1 1 1 
1 1 2 
1 1 2 
1 2 1 
1 1 1 1 
1 1 1 1 
1 1 1 1 
(0,255,255) (0,0,0) 
(255,255,0) (255,0,0) 
1 1 
1 1 
1 1 
1 1 
(255,255,0) (0,255,255) 
(0,0,0) (255,255,0) 
1 1 
1 1 
1 1 
1 1 
(255,0,255) (255,0,255) (0,0,255) (255,255,0) (0,255,0) (255,0,0) (0,0,0) (255,255,0) 
(255,255,255) (255,255,255) (0,255,255) (0,255,255) (0,255,0) (255,255,255) (0,255,255) (0,255,0) 
(0,0,255) (0,0,255) (0,255,255) (0,0,0) (255,0,0) (0,0,0) (255,0,255) (255,0,255) 
(255,0,255) (255,255,255) (0,255,0) (255,255,255) (255,255,0) (255,0,0) (0,0,0) (255,0,0) 
(0,255,0) (0,0,0) (255,255,255) (0,255,0) (0,0,255) (255,255,0) (255,255,0) (0,0,255) 
(0,0,255) (255,0,255) (0,0,0) (0,0,0) (0,255,0) (0,255,255) (255,0,255) (0,0,255) 
(255,255,255) (0,255,255) (255,0,0) (0,0,0) (255,255,255) (255,0,255) (0,255,255) (255,255,0) 
(255,255,255) (0,0,255) (0,255,255) (255,0,255) (255,0,255) (0,0,0) (0,255,0) (255,255,0) 
2 1 1 1 1 1 1 
2 2 1 1 1 1 
2 1 1 1 1 2 
1 1 1 1 1 1 1 1 
1 1 1 1 1 2 1 
1 1 2 1 1 1 1 
1 1 1 1 1 1 1 1 
1 1 1 2 1 1 1 
1 1 1 1 1 1 2 
1 1 1 1 1 1 1 1 
1 2 1 1 1 1 1 
1 1 1 1 1 2 1 
2 1 1 1 1 1 1 
1 1 1 1 1 1 1 1 
1 1 1 1 1 1 1 1 
1 1 1 1 2 2 
(0,255,0) (255,255,255) (255,255,0) (255,255,0) 
(0,255,255) (255,255,0) (255,255,0) (255,0,0) 
(255,0,255) (255,0,0) (255,255,0) (255,255,0) 
(255,0,255) (0,0,255) (255,255,0) (255,0,0) 
1 1 2 
1 2 1 
1 1 2 
1 1 1 1 
1 1 2 
1 1 1 1 
4 
1 1 1 1 
(255,255,0) (0,0,0) (255,255,0) (0,0,0) (0,0,0) (0,255,0) (0,0,0) (0,0,255) 
(255,0,255) (0,255,0) (255,255,255) (255,0,255) (255,255,255) (255,0,255) (255,255,0) (0,255,255) 
(255,255,255) (255,255,255) (255,0,255) (255,0,0) (0,255,255) (255,0,255) (0,0,255) (0,0,0) 
(255,255,0) (255,0,255) (0,0,0) (255,255,255) (0,0,0) (255,255,255) (255,0,0) (0,255,0) 
(0,255,255) (0,0,0) (0,255,0) (0,0,255) (0,0,255) (0,255,255) (0,255,255) (255,255,255) 
(255,0,0) (255,0,255) (0,255,255) (255,255,0) (0,255,0) (0,255,255) (255,0,255) (0,255,0) 
(255,0,0) (0,255,0) (255,0,0) (0,0,255) (0,255,255) (255,0,0) (255,255,255) (0,0,0) 
(0,255,0) (0,255,0) (255,255,0) (0,0,255) (255,0,255) (0,0,255) (255,0,0) (0,255,0) 
1 1 1 2 1 1 1 
1 1 1 1 1 1 1 1 
2 1 1 1 1 1 1 
1 1 1 1 1 1 1 1 
1 1 1 2 2 1 
1 1 1 1 1 1 1 1 
1 1 1 1 1 1 1 1 
2 1 1 1 1 1 1 
1 1 1 1 1 2 1 
1 1 1 1 1 1 2 
1 1 1 1 1 1 1 1 
1 1 1 1 1 1 2 
1 1 1 1 1 1 1 1 
1 2 1 2 1 1 
1 1 1 1 1 1 1 1 
1 1 1 1 1 1 1 1 
(255,255,255) (255,255,0) (0,0,0) (0,255,0) (255,255,0) (0,0,255) (0,0,0) (0,0,0) 
(255,255,0) (0,0,255) (255,0,0) (255,0,255) (0,255,255) (0,255,0) (0,255,255) (255,0,255) 
(0,255,255) (0,0,0) (0,0,255) (255,255,255) (255,0,0) (255,255,0) (0,255,0) (0,255,255) 
(255,255,255) (0,255,0) (0,255,255) (255,0,0) (0,255,0) (0,255,255) (255,0,255) (255,0,0) 
(255,0,0) (255,0,255) (0,255,0) (0,0,255) (0,255,255) (0,0,255) (255,255,0) (0,255,255) 
(255,0,255) (255,0,0) (0,0,255) (255,255,0) (0,0,255) (255,255,0) (255,255,255) (255,255,255) 
(0,255,0) (0,255,0) (255,0,0) (0,255,255) (0,255,255) (255,0,0) (255,0,0) (255,255,0) 
(0,255,255) (0,0,255) (0,255,255) (0,255,255) (0,0,255) (0,255,0) (0,0,255) (0,0,0) 
1 1 1 1 1 1 2 
1 1 1 1 1 1 1 1 
1 1 1 1 1 1 1 1 
1 1 1 1 1 1 1 1 
1 1 1 1 1 1 1 1 
1 1 1 1 1 1 2 
2 1 2 2 1 
1 1 2 1 1 1 1 
1 1 1 1 1 1 1 1 
1 1 1 1 1 1 1 1 
1 1 1 1 1 1 1 1 
1 1 1 1 1 1 2 
1 1 1 1 1 1 1 1 
1 1 1 1 1 1 1 1 
1 1 1 1 1 1 1 1 
1 1 1 1 1 1 1 1 
(255,0,0) (255,0,0) (255,255,255) (0,0,0) (0,0,255) (255,255,0) (255,0,0) (255,0,0) (0,0,255) (255,255,255) (0,255,255) (255,255,0) (0,255,255) (0,255,255) (255,255,255) (0,255,255) 
(0,255,255) (255,255,255) (255,0,255) (0,255,0) (0,255,0) (255,255,0) (255,0,0) (255,0,0) (0,255,255) (0,0,0) (0,255,255) (0,0,0) (0,255,0) (0,0,255) (255,255,255) (0,0,0) 
(0,255,0) (0,255,0) (0,0,255) (0,255,0) (0,255,0) (255,255,255) (255,0,0) (0,0,255) (255,255,0) (255,255,0) (0,0,0) (0,0,0) (255,0,255) (255,0,255) (255,0,0) (0,255,255) 
(0,0,0) (0,0,0) (255,0,0) (255,0,255) (0,255,0) (255,0,255) (0,0,0) (255,255,255) (255,0,0) (0,255,255) (255,0,0) (0,0,255) (0,0,255) (0,255,255) (0,0,0) (255,0,0) 
(255,0,255) (255,255,255) (0,255,0) (0,0,255) (0,255,255) (0,0,0) (255,0,0) (255,255,255) (255,0,255) (255,0,255) (0,0,255) (255,255,0) (0,255,0) (0,255,0) (255,255,255) (255,255,255) 
(255,255,255) (0,0,255) (255,0,255) (255,255,0) (0,255,255) (0,0,255) (255,255,0) (0,255,0) (255,255,0) (0,255,0) (255,255,0) (255,255,255) (255,255,0) (255,0,255) (0,0,0) (255,255,255) 
(0,255,255) (0,255,0) (255,255,0) (0,0,0) (255,0,0) (0,255,255) (255,255,255) (255,0,255) (255,255,0) (255,255,255) (0,0,0) (0,255,255) (0,0,255) (0,0,0) (255,255,0) (0,0,0) 
(255,0,255) (255,0,0) (255,0,255) (255,0,0) (0,255,0) (255,255,255) (0,0,255) (255,0,0) (0,0,0) (0,255,255) (255,255,255) (255,0,0) (0,255,255) (0,255,255) (255,255,0) (0,255,0) 
(255,255,255) (255,255,0) (255,0,0) (255,0,0) (0,0,255) (0,255,0) (0,255,0) (255,0,255) (0,255,0) (0,0,255) (0,0,255) (255,0,0) (0,255,0) (0,255,0) (255,255,255) (0,255,255) 
(255,255,0) (0,255,0) (255,0,255) (255,0,255) (255,0,255) (0,255,0) (0,0,0) (255,255,0) (255,255,0) (0,255,255) (255,255,0) (255,0,0) (255,255,255) (255,0,0) (0,0,0) (255,255,0) 
(255,0,0) (255,0,255) (0,255,255) (255,0,255) (255,0,255) (0,0,255) (0,255,0) (255,255,0) (0,0,0) (255,0,0) (255,255,0) (0,0,255) (255,0,255) (0,255,255) (255,255,0) (0,0,255) 
(0,0,255) (255,0,0) (255,0,255) (0,0,0) (0,255,0) (0,0,0) (0,0,0) (0,0,0) (255,255,0) (0,0,0) (255,0,0) (0,255,0) (255,0,255) (0,0,255) (0,255,0) (0,0,255) 
(255,0,255) (255,0,0) (255,255,0) (0,0,0) (0,0,255) (255,0,0) (0,255,0) (0,255,0) (0,255,0) (0,255,0) (0,0,0) (0,0,255) (255,0,0) (255,0,255) (255,0,0) (255,255,255) 
(255,255,0) (0,255,255) (0,0,255) (0,0,0) (255,255,0) (0,0,0) (0,255,255) (0,255,255) (0,255,0) (255,255,255) (0,0,0) (255,0,255) (255,0,0) (255,0,0) (0,255,255) (0,0,0) 
(0,0,255) (0,255,255) (255,255,0) (255,0,255) (0,255,0) (255,255,255) (255,255,255) (255,255,255) (0,255,0) (255,255,255) (255,255,255) (255,0,255) (255,255,0) (255,255,0) (255,0,0) (255,0,0) 
(0,255,0) (0,0,0) (255,255,255) (255,255,255) (0,0,0) (0,0,255) (0,255,255) (255,0,0) (0,0,255) (0,255,0) (0,255,255) (0,255,0) (255,255,255) (0,0,0) (0,0,255) (0,255,0) 
2 1 1 1 1 2 1 1 1 1 2 1 1 
1 1 1 2 1 2 1 1 1 1 1 1 1 1 
2 1 2 1 1 1 2 2 2 1 1 
2 1 1 1 1 1 1 1 1 1 2 1 1 1 
1 1 1 1 1 1 1 1 2 1 1 2 2 
1 1 1 1 1 1 1 1 1 1 1 1 1 1 1 1 
1 1 1 1 1 1 1 1 1 1 1 1 1 1 1 1 
1 1 1 1 1 1 1 1 1 1 1 1 2 1 1 
1 1 2 1 2 1 1 2 1 2 1 1 
1 1 3 1 1 2 1 1 1 1 1 1 1 
1 1 1 2 1 1 1 1 1 1 1 1 1 1 1 
1 1 1 1 1 3 1 1 1 1 1 1 1 1 
1 1 1 1 1 1 4 1 1 1 1 1 1 
1 1 1 1 1 1 2 1 1 1 1 2 1 1 
1 1 1 1 1 3 1 2 1 2 2 
1 1 2 1 1 1 1 1 1 1 1 1 1 1 1 
1 1 1 1 1 1 1 1 1 1 1 1 1 1 1 1 
1 1 1 1 1 1 1 1 1 1 1 2 2 1 
1 1 1 1 1 1 1 1 1 1 1 1 1 1 1 1 
1 2 1 1 1 1 2 2 3 1 1 
1 3 2 1 1 1 2 1 1 1 1 1 
2 1 1 1 1 1 1 2 1 1 1 1 1 1 
3 1 1 1 1 1 1 1 1 1 1 1 1 1 
2 1 2 1 1 1 1 2 1 1 1 1 1 
1 1 1 1 1 2 1 1 1 1 1 3 1 
1 1 1 1 1 1 1 1 1 1 1 1 1 2 1 
2 1 1 1 1 1 1 1 2 1 2 1 1 
1 2 1 1 1 1 3 1 1 1 2 1 
1 1 1 1 1 1 1 1 1 1 2 2 1 1 
1 1 1 1 1 1 1 1 1 1 1 1 1 1 1 1 
2 1 1 1 1 2 1 1 1 1 1 1 1 1 
1 1 1 1 2 1 1 1 1 2 1 1 1 1 
(255,0,0) (0,0,255) (255,255,255) (255,0,0) (0,255,0) (0,0,255) (255,0,0) (255,0,255) (0,0,255) (255,0,255) (255,255,0) (255,0,255) (0,255,0) (255,0,255) (255,255,0) (255,0,0) 
(0,0,255) (255,255,255) (0,0,0) (255,0,0) (0,255,255) (0,0,255) (255,255,255) (0,255,0) (0,255,255) (255,255,255) (255,0,0) (255,255,0) (0,255,0) (0,0,255) (255,0,0) (255,0,0) 
(0,255,0) (0,0,255) (0,255,255) (0,255,255) (0,0,255) (0,255,255) (255,0,0) (0,255,0) (0,255,255) (0,0,0) (0,255,255) (255,255,255) (0,255,255) (0,0,255) (255,0,255) (255,0,255) 
(255,255,255) (0,0,0) (255,0,255) (255,0,0) (255,255,0) (0,255,255) (255,0,255) (255,0,0) (0,255,255) (255,255,0) (0,0,0) (255,255,255) (0,0,255) (255,255,255) (255,0,255) (0,0,0) 
(255,255,0) (255,255,255) (0,255,0) (255,0,255) (255,255,255) (255,255,255) (0,0,255) (255,255,0) (255,255,255) (0,0,0) (255,0,255) (255,0,255) (255,0,0) (255,255,255) (0,0,0) (0,255,0) 
(0,0,0) (255,255,0) (0,0,0) (0,0,255) (0,0,0) (255,0,255) (255,0,0) (255,0,255) (0,0,255) (0,255,0) (0,0,0) (0,0,0) (255,255,255) (0,255,255) (0,255,255) (255,255,255) 
(0,255,0) (0,0,255) (255,255,0) (0,0,255) (0,255,0) (255,255,0) (0,255,0) (0,255,0) (0,0,255) (255,255,255) (255,255,255) (0,0,255) (255,0,255) (0,255,255) (255,0,0) (0,0,255) 
(0,255,0) (255,255,0) (255,0,0) (255,255,0) (255,0,0) (0,255,255) (255,255,255) (255,0,0) (255,255,255) (255,0,0) (255,255,0) (0,0,255) (255,0,255) (0,0,255) (255,255,0) (0,255,0) 
(255,0,255) (0,255,255) (255,0,0) (255,255,0) (0,0,0) (0,0,255) (255,255,0) (255,0,0) (0,0,0) (255,0,0) (255,255,0) (255,255,255) (0,255,0) (0,0,255) (0,0,0) (255,0,0) 
(255,0,0) (0,0,0) (255,255,255) (255,0,0) (255,0,0) (255,0,0) (255,255,255) (0,255,0) (0,255,0) (0,255,0) (0,0,255) (255,0,0) (255,0,255) (255,0,255) (255,255,0) (255,255,255) 
(255,255,0) (255,0,255) (255,0,0) (0,0,0) (0,0,0) (255,0,255) (255,255,255) (255,0,255) (0,255,0) (0,255,255) (255,255,255) (0,0,0) (0,0,0) (255,0,0) (255,255,255) (0,0,255) 
(255,255,0) (255,0,0) (0,0,255) (255,0,255) (0,255,255) (0,0,0) (0,0,255) (0,255,0) (0,255,255) (0,255,255) (0,255,255) (0,255,0) (255,0,255) (255,0,255) (255,0,0) (255,255,255) 
(255,255,0) (0,0,255) (0,255,0) (255,0,255) (0,0,0) (255,255,255) (255,255,0) (255,255,255) (255,255,255) (255,255,0) (0,0,0) (0,0,0) (0,0,0) (0,0,255) (255,0,255) (255,255,255) 
(255,0,255) (255,255,255) (255,0,255) (255,255,0) (0,0,0) (255,255,255) (0,255,0) (255,255,255) (255,0,255) (0,255,255) (0,0,0) (0,255,0) (0,255,255) (0,0,255) (0,0,0) (255,0,0) 
(255,255,0) (0,255,0) (0,255,0) (255,0,255) (0,0,255) (0,255,255) (255,255,0) (255,255,0) (255,255,0) (0,0,0) (0,0,0) (0,0,0) (255,255,0) (0,0,0) (255,255,0) (255,0,0) 
(0,0,0) (0,0,255) (0,255,0) (0,0,0) (0,255,255) (255,0,0) (0,255,255) (255,0,0) (0,0,255) (0,255,0) (255,255,255) (0,0,0) (0,0,0) (255,0,255) (255,0,255) (255,0,0) 
1 1 1 1 1 1 1 1 1 1 1 1 1 1 1 1 
1 1 1 1 1 1 1 1 1 1 1 1 1 1 2 
1 1 2 1 1 1 1 1 1 1 1 1 1 2 
1 1 1 1 1 1 1 1 1 1 1 1 1 1 1 1 
1 1 1 1 2 1 1 1 1 2 1 1 1 1 
1 1 1 1 1 1 1 1 1 1 2 1 2 1 
1 1 1 1 1 1 2 1 2 1 1 1 1 1 
1 1 1 1 1 1 1 1 1 1 1 1 1 1 1 1 
1 1 1 1 1 1 1 1 1 1 1 1 1 1 1 1 
1 1 1 3 1 3 1 1 2 1 1 
1 1 1 2 1 1 1 1 1 1 2 1 1 1 
1 1 1 1 1 1 1 1 3 1 2 1 1 
1 1 1 1 1 1 1 2 1 3 1 1 1 
1 1 1 1 1 1 1 1 1 1 1 1 1 1 1 1 
1 2 1 1 1 3 3 1 1 1 1 
1 1 1 1 1 1 1 1 1 1 1 2 2 1 
1 1 1 1 1 1 2 1 1 3 1 1 1 
1 1 1 1 1 1 1 1 1 1 1 1 1 1 1 1 
1 1 1 1 1 1 1 2 1 1 1 1 1 2 
2 1 1 1 2 2 1 1 2 1 1 1 
1 1 1 1 1 1 1 1 1 1 1 1 2 1 1 
2 2 1 1 1 1 1 1 1 1 2 1 1 
1 1 1 1 1 1 1 1 1 2 1 1 1 1 1 
1 2 1 1 1 1 2 1 1 1 2 1 1 
1 3 1 2 1 1 2 1 1 1 1 1 
1 1 1 1 1 1 1 2 1 2 1 1 1 1 
1 1 1 1 1 1 1 2 1 1 1 3 1 
1 1 2 1 1 2 1 1 1 1 1 1 2 
2 1 1 1 1 2 1 1 1 1 1 1 1 1 
1 2 2 2 2 1 1 1 2 1 1 
1 1 2 1 1 1 1 1 1 1 1 1 1 1 1 
2 1 1 1 1 1 1 1 1 1 2 3 
(255,255,0) (0,0,0) (255,0,0) (0,0,255) (255,255,255) (255,0,255) (0,255,0) (255,255,255) (0,255,0) (255,255,255) (255,0,255) (255,255,0) (0,0,255) (0,255,0) (0,255,0) (0,0,255) 
(255,0,0) (0,255,255) (0,255,255) (0,0,255) (255,255,0) (0,0,255) (255,0,255) (0,0,255) (255,255,255) (0,255,255) (255,0,255) (255,0,255) (255,255,255) (0,0,0) (0,255,255) (0,255,255) 
(0,255,0) (0,0,255) (0,0,255) (255,255,0) (255,255,0) (0,0,0) (255,0,255) (255,0,0) (255,0,0) (0,255,255) (0,0,0) (255,255,0) (0,0,0) (255,255,255) (255,0,255) (255,255,255) 
(0,0,0) (0,0,0) (255,0,0) (255,255,0) (0,255,255) (0,255,255) (255,255,0) (0,0,255) (255,0,0) (0,0,0) (0,0,0) (0,255,0) (0,255,255) (255,0,0) (255,255,255) (255,255,255) 
(0,0,255) (0,0,0) (0,0,0) (255,0,0) (0,255,255) (0,255,255) (0,255,0) (255,0,255) (255,0,0) (0,0,255) (255,255,0) (0,0,255) (255,255,0) (255,255,255) (255,0,0) (0,255,255) 
(0,255,255) (255,255,255) (255,0,0) (0,0,0) (0,255,255) (0,0,255) (0,255,255) (0,255,255) (255,255,0) (0,0,0) (255,0,0) (0,0,255) (255,255,0) (255,0,0) (255,0,0) (0,255,0) 
(255,0,255) (0,255,255) (255,255,0) (0,0,255) (0,255,255) (0,0,255) (0,0,255) (0,0,0) (255,0,255) (0,255,255) (255,255,255) (0,255,0) (255,255,255) (0,255,0) (0,255,0) (255,255,255) 
(255,0,0) (255,0,0) (255,0,0) (255,255,0) (0,255,255) (0,255,0) (0,255,255) (0,0,255) (255,255,255) (0,0,255) (0,255,255) (255,255,0) (0,0,0) (255,255,255) (0,0,255) (255,255,0) 
(0,0,0) (255,255,0) (0,0,0) (0,0,255) (255,255,0) (0,0,255) (255,255,255) (255,0,255) (0,255,255) (0,0,255) (255,0,255) (255,0,255) (0,0,0) (0,0,0) (0,255,255) (255,255,255) 
(0,255,0) (0,0,0) (0,0,0) (255,0,255) (0,255,255) (255,0,255) (0,0,0) (0,0,0) (0,0,0) (255,255,255) (0,0,0) (255,0,0) (255,255,0) (255,0,255) (255,0,255) (0,0,255) 
(0,255,255) (0,255,0) (255,0,255) (0,255,0) (255,0,0) (255,255,0) (0,255,255) (255,0,0) (0,0,0) (0,0,255) (0,0,0) (0,255,0) (0,0,0) (255,0,255) (255,255,255) (0,0,255) 
(255,0,0) (255,0,0) (255,255,0) (0,0,255) (0,0,255) (255,255,0) (255,255,0) (255,0,0) (0,0,255) (0,255,0) (255,0,255) (0,0,255) (0,0,255) (0,255,255) (255,255,255) (255,255,0) 
(255,255,255) (0,255,255) (0,0,0) (255,0,255) (255,0,255) (255,0,255) (0,255,255) (0,255,0) (0,255,0) (0,255,0) (255,0,0) (0,255,255) (255,0,0) (255,0,255) (255,255,0) (255,0,0) 
(0,255,255) (0,0,0) (255,0,0) (0,0,0) (255,0,255) (0,0,0) (0,255,255) (0,255,0) (0,0,0) (255,255,0) (255,255,0) (255,255,0) (255,0,0) (0,255,0) (255,255,255) (0,0,255) 
(255,0,0) (0,255,255) (0,255,255) (255,255,0) (0,0,255) (0,255,0) (255,0,255) (0,0,0) (0,0,0) (255,255,255) (0,255,0) (0,0,255) (0,255,0) (255,0,255) (255,0,0) (255,0,255) 
(0,0,255) (0,0,255) (0,255,255) (255,255,255) (0,0,255) (0,255,255) (255,0,0) (0,0,255) (0,0,255) (255,0,255) (0,255,0) (255,255,255) (0,255,255) (0,255,255) (0,255,255) (255,255,255) 
1 1 1 1 1 1 1 1 1 1 1 1 1 2 1 
1 2 1 1 1 1 1 1 1 2 1 1 2 
1 2 2 1 1 2 1 1 1 1 1 1 1 
2 1 1 2 1 1 1 2 1 1 1 2 
1 2 1 2 1 1 1 1 1 1 1 1 1 1 
1 1 1 1 1 1 2 1 1 1 1 1 2 1 
1 1 1 1 1 2 1 1 1 1 1 1 2 1 
3 1 1 1 1 1 1 1 1 1 1 1 1 1 
1 1 1 1 1 1 1 1 1 1 2 2 1 1 
1 2 1 1 1 3 1 1 1 1 2 1 
1 1 1 1 1 1 1 1 1 1 1 1 1 1 1 1 
2 1 2 2 1 1 1 1 2 1 1 1 
1 1 1 3 1 3 1 1 1 1 1 1 
1 1 1 1 1 1 1 1 1 3 1 1 1 1 
1 2 1 1 1 1 2 1 1 1 1 1 1 1 
2 1 1 1 1 1 2 1 1 1 3 1 
1 1 1 1 1 1 1 1 1 1 1 1 1 1 1 1 
1 1 1 2 1 1 1 1 1 1 1 1 1 1 1 
1 1 1 1 1 1 1 1 2 1 1 1 1 2 
2 2 1 1 1 1 1 1 1 1 1 1 1 1 
1 2 5 1 1 1 1 2 2 
1 1 1 2 2 1 1 1 2 1 1 1 1 
1 2 1 1 1 1 1 1 1 1 1 2 1 1 
1 1 1 1 1 1 1 1 1 1 2 2 1 1 
1 1 3 1 1 1 1 2 1 1 2 1 
1 2 1 1 1 1 2 1 1 2 1 1 1 
2 2 1 1 1 1 1 2 1 1 1 2 
1 1 1 1 2 1 1 1 1 1 1 1 1 1 1 
1 1 1 1 2 1 2 1 1 1 2 1 1 
1 1 1 1 1 1 1 1 1 2 1 1 1 1 1 
1 1 1 1 2 1 1 1 1 2 1 1 1 1 
1 1 2 1 1 1 1 1 2 1 1 1 1 1 
(255,255,0) (255,255,0) (255,255,0) (0,0,255) 
(255,0,0) (0,255,0) (0,0,255) (255,255,255) 
(255,0,0) (0,0,255) (255,0,0) (0,0,0) 
(0,255,0) (255,255,255) (0,0,0) (0,0,0) 
3 1 
1 1 1 1 
1 1 1 1 
1 1 2 
1 2 1 
1 1 1 1 
1 1 1 1 
1 1 2 
(0,255,0) (0,255,255) (255,0,0) (0,255,0) (255,255,255) (0,0,0) (0,0,255) (255,255,0) (0,255,255) (0,0,0) (0,0,0) (0,0,0) (0,0,0) (255,0,0) (0,255,0) (0,255,0) 
(0,0,0) (255,255,255) (255,0,0) (255,0,0) (255,0,0) (0,0,255) (0,0,0) (0,255,0) (0,255,255) (255,0,255) (0,0,255) (255,0,255) (255,255,255) (0,0,0) (0,0,0) (0,255,255) 
(255,0,255) (0,0,255) (255,0,255) (0,255,0) (0,0,0) (255,0,0) (255,255,0) (255,0,255) (0,255,255) (0,0,0) (255,0,255) (255,255,0) (255,255,255) (255,255,255) (255,0,255) (255,255,255) 
(255,0,255) (255,0,255) (255,0,0) (255,255,255) (0,0,255) (255,0,0) (0,0,0) (255,255,0) (255,255,255) (0,0,0) (0,0,0) (0,255,0) (255,0,0) (0,0,0) (255,0,0) (0,0,255) 
(0,0,255) (0,255,255) (0,255,0) (0,255,255) (255,0,255) (0,0,255) (0,0,0) (0,255,0) (255,0,0) (0,0,0) (0,0,255) (0,255,255) (0,0,255) (0,255,255) (0,255,255) (255,0,0) 
(0,0,0) (255,0,255) (255,255,255) (255,255,0) (0,0,0) (0,0,255) (0,255,255) (0,255,255) (0,0,0) (0,255,0) (255,255,0) (0,255,0) (255,0,255) (0,0,0) (255,0,255) (255,255,0) 
(255,255,0) (0,0,255) (255,255,255) (0,255,255) (0,255,0) (0,0,0) (0,0,0) (0,0,0) (255,0,0) (255,255,0) (255,0,0) (255,255,0) (255,0,0) (255,0,255) (255,0,0) (255,0,255) 
(255,0,0) (0,255,0) (0,255,0) (0,255,255) (0,255,255) (0,255,0) (255,255,0) (255,255,0) (0,255,0) (255,255,0) (0,255,0) (255,0,255) (255,0,0) (0,255,255) (255,255,0) (255,0,0) 
(255,0,0) (0,255,255) (255,255,0) (0,0,0) (255,0,0) (255,255,255) (255,0,0) (0,255,255) (0,0,0) (0,0,0) (255,255,255) (0,255,255) (0,255,0) (0,0,255) (0,0,0) (0,0,255) 
(0,0,0) (255,0,255) (255,0,255) (0,255,255) (0,255,255) (255,255,255) (255,0,255) (255,255,0) (255,255,255) (0,255,0) (255,255,255) (255,255,0) (0,0,255) (0,0,255) (0,0,0) (0,0,0) 
(255,255,255) (255,0,255) (0,0,255) (255,0,0) (0,255,255) (255,0,0) (255,0,0) (0,255,255) (255,0,255) (0,255,255) (255,0,0) (255,0,255) (0,0,0) (0,255,255) (255,0,255) (255,0,0) 
(255,255,255) (255,0,0) (0,0,255) (0,0,0) (0,0,255) (255,255,255) (255,255,0) (255,0,0) (0,0,0) (255,0,255) (255,255,255) (255,255,0) (0,0,255) (255,255,255) (255,0,0) (255,255,0) 
(255,255,0) (0,0,255) (0,255,0) (0,255,0) (0,0,0) (255,0,0) (255,255,255) (0,255,0) (0,0,0) (255,255,0) (0,255,255) (255,255,0) (255,0,0) (255,0,255) (255,255,255) (255,255,0) 
(255,255,255) (0,255,255) (0,0,0) (0,0,0) (0,0,0) (255,0,0) (255,255,0) (0,255,0) (0,255,255) (255,0,0) (0,0,255) (255,255,255) (255,0,255) (0,255,255) (255,255,255) (255,255,255) 
(0,0,0) (0,255,0) (255,0,255) (0,0,255) (255,0,0) (0,255,0) (255,0,255) (0,0,255) (0,0,255) (0,0,255) (255,0,0) (255,0,255) (0,255,0) (0,255,255) (255,255,255) (255,0,0) 
(255,0,0) (0,0,0) (0,255,255) (255,0,0) (255,255,0) (255,255,255) (0,0,0) (255,0,0) (0,0,0) (0,0,255) (0,0,0) (255,255,0) (0,0,0) (0,255,255) (0,255,0) (0,255,255) 
1 1 1 1 1 1 1 1 1 4 1 2 
1 1 3 1 1 1 1 1 1 1 1 2 1 
1 1 1 1 1 1 1 1 1 1 1 1 2 1 1 
2 1 1 1 1 1 1 1 2 1 1 1 1 1 
1 1 1 1 1 1 1 1 1 1 1 1 1 2 1 
1 1 1 1 1 1 2 1 1 1 1 1 1 1 1 
1 1 1 1 1 3 1 1 1 1 1 1 1 1 
1 2 2 1 2 1 1 1 1 1 1 1 1 
1 1 1 1 1 1 1 1 2 1 1 1 1 1 1 
1 2 2 1 1 1 1 1 1 1 2 2 
1 1 1 1 1 2 1 1 1 1 1 1 1 1 1 
1 1 1 1 1 1 1 1 1 1 1 1 1 1 1 1 
1 1 2 1 1 1 1 1 1 1 1 1 1 1 1 
1 1 3 1 1 1 1 1 1 1 1 1 2 
1 1 1 1 1 1 1 3 1 1 1 1 1 1 
1 1 1 1 1 1 1 1 1 1 1 1 1 1 1 1 
1 1 2 1 1 1 2 1 2 1 1 1 1 
1 1 1 1 1 1 1 1 1 2 1 1 1 1 1 
2 1 1 1 2 1 1 1 2 1 1 1 1 
1 1 1 1 1 1 2 1 1 1 1 1 1 1 1 
1 1 1 1 1 1 1 1 1 2 1 2 1 1 
1 1 2 2 1 1 2 1 1 2 1 1 
1 1 1 2 1 1 1 1 1 1 1 1 1 1 1 
1 1 1 1 1 1 1 1 1 1 1 1 2 1 1 
3 1 1 1 1 1 1 1 1 2 1 1 1 
1 1 3 1 2 1 1 1 1 1 1 2 
1 1 1 1 1 1 1 1 2 1 1 1 1 1 1 
1 1 1 1 1 1 1 1 1 1 1 2 1 1 1 
1 2 1 1 1 2 1 1 1 1 1 1 1 1 
1 1 1 1 1 1 1 1 2 1 1 1 3 
1 1 1 1 1 1 1 1 2 1 1 3 1 
1 1 1 1 1 1 1 1 1 1 1 2 1 1 1 
(255,255,0) (0,0,0) (255,255,0) (0,255,255) 
(255,0,255) (255,0,255) (0,255,0) (255,0,255) 
(255,0,255) (255,255,0) (0,0,0) (0,255,0) 
(255,0,0) (0,0,255) (255,255,0) (0,0,0) 
1 1 1 1 
2 1 1 
1 1 1 1 
1 1 1 1 
1 2 1 
1 1 1 1 
1 1 1 1 
1 1 1 1 
(255,255,255) (255,255,0) 
(0,255,255) (0,0,0) 
1 1 
1 1 
1 1 
1 1 
