5
8
248 231 195 232 62 23 111 114 55 170 122 67 42 221 255 156 167 16 172 4 106 28 197 58 
129 232 107 109 178 55 31 175 23 196 130 168 11 145 94 135 74 124 234 62 83 19 74 239 
17 169 86 161 187 170 156 56 249 43 168 164 72 197 131 88 159 164 121 254 83 219 31 105 
56 250 149 203 9 227 9 40 9 217 124 10 235 218 201 119 239 47 227 32 79 65 94 219 
217 174 49 83 221 156 186 254 73 78 2 80 19 245 67 47 215 200 167 166 194 86 83 221 
174 27 164 73 142 82 184 32 13 11 49 16 114 125 53 48 199 157 185 55 58 240 0 236 
195 157 94 221 7 198 66 84 125 24 116 135 207 161 154 15 131 226 1 155 218 38 154 230 
248 18 67 230 70 124 72 71 21 129 42 23 132 209 159 195 163 78 217 66 216 214 11 144 
16
92 42 94 221 62 241 8 38 210 39 199 255 66 36 40 20 155 146 188 255 32 113 17 105 228 93 226 114 152 20 139 83 161 51 191 66 110 64 125 151 8 237 64 44 234 155 119 9 
20 30 52 65 91 192 40 23 3 136 207 101 143 188 232 63 216 164 40 211 93 145 47 147 218 30 187 151 28 182 28 60 19 86 232 18 41 148 239 245 210 225 113 121 100 11 143 140 
42 6 0 86 179 235 5 100 112 65 159 6 127 124 255 245 193 195 62 57 50 246 78 74 122 240 49 118 191 9 104 130 190 223 175 148 26 87 231 81 243 222 84 66 187 245 8 124 
69 236 159 128 31 237 45 96 34 61 117 35 71 191 92 107 189 186 157 85 56 219 189 161 139 126 66 19 121 41 32 24 200 89 116 173 152 130 116 125 243 81 166 73 165 52 81 141 
78 28 50 97 181 130 111 157 95 168 209 64 97 33 45 19 114 147 35 137 68 188 11 234 21 179 45 176 129 112 48 50 154 143 214 127 58 81 230 141 152 228 105 147 26 228 24 179 
106 33 22 220 204 163 219 239 175 235 112 32 129 124 226 160 200 154 241 121 111 82 8 185 93 186 114 210 77 122 202 65 217 139 179 110 215 63 202 211 233 130 217 97 80 95 78 31 
1 198 235 21 251 140 190 104 215 179 84 198 161 236 42 4 230 90 100 6 14 153 193 224 236 255 207 58 148 33 91 249 109 153 44 28 135 7 241 227 46 86 119 55 191 65 31 70 
186 21 144 110 25 184 169 92 224 234 185 117 246 203 243 116 51 157 28 85 186 204 135 115 137 43 67 237 78 129 147 77 124 68 158 108 159 164 104 144 237 204 1 216 29 100 253 218 
124 90 35 138 61 226 106 94 16 187 33 175 247 180 109 99 85 112 248 201 72 102 232 196 57 43 14 44 178 244 96 113 111 87 170 129 183 81 128 236 237 141 119 70 98 227 149 206 
109 32 5 76 190 5 15 64 239 146 72 56 92 132 6 130 53 28 23 3 209 34 179 103 69 42 174 123 54 22 242 214 235 220 45 191 166 137 199 75 53 134 23 198 196 26 214 84 
245 49 212 216 51 92 233 21 67 24 47 20 27 83 110 197 248 44 216 232 171 251 247 46 51 145 227 156 145 193 184 49 216 31 71 200 132 7 12 64 12 225 97 217 187 164 240 225 
187 153 110 145 115 98 135 50 19 58 20 131 108 126 148 95 6 109 218 155 108 44 3 46 203 12 171 148 187 16 97 116 93 170 87 128 166 198 94 156 250 9 18 67 253 91 82 39 
166 163 244 24 149 209 182 39 166 34 119 11 198 159 167 196 5 232 252 126 237 47 102 183 18 135 70 164 235 95 219 209 224 73 252 9 164 1 13 117 197 170 44 7 130 90 171 26 
220 217 195 82 240 166 134 202 131 59 22 110 223 146 21 165 222 232 92 52 68 193 240 95 81 44 49 80 151 72 85 189 10 7 21 198 86 50 166 28 117 174 235 104 128 253 233 235 
197 7 123 97 27 27 71 44 114 49 240 174 174 114 142 247 182 250 91 160 199 220 174 246 15 102 46 92 119 167 63 234 192 47 193 90 209 22 250 37 79 64 208 233 111 222 60 14 
8 56 251 169 237 171 135 160 121 237 69 16 107 153 0 235 244 231 150 230 15 186 241 146 17 225 57 200 129 150 72 75 41 75 95 169 109 167 23 98 220 203 154 76 5 217 18 54 
4
183 98 204 125 16 21 187 223 156 147 21 141 
162 155 246 65 187 237 104 242 216 71 132 96 
134 147 218 237 113 95 19 174 39 141 213 194 
31 76 231 226 250 71 150 58 8 28 87 119 
16
15 173 34 71 0 77 44 168 154 129 202 104 206 202 131 192 127 201 134 240 127 95 66 130 187 20 49 210 178 181 244 206 44 65 165 251 40 7 105 185 22 8 68 199 70 162 50 9 
161 112 115 137 151 108 38 189 88 86 25 8 71 90 224 130 171 237 36 252 168 248 62 63 111 56 4 149 177 228 227 139 89 145 47 244 122 84 182 49 134 38 155 176 194 140 98 179 
246 119 71 83 105 104 212 196 12 217 178 218 246 217 192 204 16 246 98 57 18 95 28 104 174 74 95 212 10 148 162 232 116 167 181 7 82 161 82 207 87 179 246 159 253 198 238 86 
47 101 181 94 69 215 125 234 54 139 12 123 9 186 201 169 141 71 23 32 74 234 225 233 183 141 118 235 174 246 152 177 28 167 207 109 253 2 4 61 136 177 74 174 166 69 255 127 
169 29 20 167 59 138 169 152 148 48 221 198 241 176 228 99 65 132 90 109 33 42 214 235 10 132 195 116 201 127 107 240 48 243 85 163 12 202 209 103 87 101 209 56 174 59 250 246 
5 195 251 103 153 149 30 124 38 204 28 213 90 174 54 134 138 143 129 28 165 242 130 219 102 242 250 74 205 224 3 242 207 46 92 98 77 139 2 118 67 80 0 217 66 27 135 201 
32 185 65 26 238 74 227 126 42 159 2 3 54 231 39 221 9 139 37 102 37 86 170 99 200 217 21 137 103 14 135 64 88 59 61 166 207 25 29 215 11 54 142 108 209 152 141 65 
26 163 254 124 9 61 63 202 31 47 3 236 178 206 94 115 155 220 28 199 48 169 87 110 114 125 73 139 135 58 94 165 106 62 141 170 225 135 233 52 175 26 115 10 11 165 51 234 
82 99 135 134 249 64 186 204 197 62 216 106 62 23 193 146 97 36 125 250 149 125 207 40 224 98 13 236 91 217 46 46 227 153 37 233 18 39 110 120 109 63 230 17 223 117 223 143 
103 28 116 116 13 103 26 46 26 206 120 153 136 179 121 198 184 70 159 251 99 166 154 250 211 73 25 134 83 157 224 36 228 239 26 31 49 141 241 206 197 39 93 25 124 123 57 58 
55 50 156 193 212 4 102 219 94 35 25 211 128 215 235 217 64 101 25 3 234 54 125 145 73 53 99 117 29 121 153 19 202 36 197 69 78 139 251 162 117 151 143 0 80 107 40 55 
227 70 22 40 30 171 230 254 15 192 51 180 85 245 191 216 216 229 194 142 183 129 129 215 130 107 35 19 170 160 192 197 53 90 188 151 182 53 83 158 125 144 116 222 11 54 211 17 
201 62 58 164 249 47 31 3 236 104 124 22 117 191 219 11 159 105 176 87 155 26 236 247 252 108 207 252 39 133 254 70 4 244 213 144 250 221 254 173 27 86 67 16 155 16 160 146 
135 58 157 112 179 162 219 147 245 30 236 21 144 42 103 0 243 210 60 89 164 211 70 93 119 253 31 10 3 219 56 225 86 150 41 235 232 23 69 250 206 108 114 49 48 109 56 198 
253 159 23 7 221 88 30 155 104 36 185 11 149 104 203 129 117 69 252 207 33 191 85 178 241 31 10 88 238 149 150 33 138 34 13 163 143 181 174 240 86 149 184 27 57 254 128 248 
74 15 191 36 70 228 48 69 196 255 91 147 178 236 171 152 2 36 199 51 161 51 31 227 169 22 197 66 215 231 127 208 63 188 26 242 62 204 1 59 177 211 14 233 100 184 159 179 
16
109 237 194 251 24 153 253 201 112 136 137 87 105 241 144 187 19 180 66 243 191 238 26 30 101 202 99 237 66 154 250 84 197 38 85 133 172 67 196 30 107 168 247 161 205 254 193 38 
221 54 27 76 7 31 108 117 123 56 8 51 210 195 246 253 244 26 246 39 57 70 194 17 206 206 149 158 91 205 234 231 226 71 134 49 235 189 184 29 222 255 224 31 176 66 46 49 
193 114 172 201 5 202 127 8 99 161 106 52 90 135 147 104 234 144 138 138 178 240 135 126 86 200 243 153 35 64 42 89 246 214 128 83 89 246 130 108 240 202 126 76 20 83 69 16 
189 185 47 63 165 223 96 0 170 59 74 138 116 229 115 219 89 237 120 173 125 242 83 166 62 240 217 207 207 90 134 71 34 105 125 57 12 179 203 11 164 255 236 216 236 88 144 33 
179 96 159 191 185 231 122 28 21 188 132 163 212 195 225 117 227 72 125 94 47 147 80 7 10 189 225 109 209 194 9 145 203 214 250 114 85 253 127 56 60 214 134 178 107 183 219 2 
198 255 54 151 85 168 120 92 165 28 50 47 107 74 103 149 107 248 147 172 152 91 235 97 125 229 231 226 219 94 254 87 148 54 176 205 199 26 202 114 61 197 230 8 4 25 49 148 
89 110 113 86 204 42 70 254 158 145 175 29 110 223 209 218 20 148 244 230 206 16 207 178 154 95 5 223 226 86 239 246 94 223 156 89 55 145 22 121 104 132 231 74 106 99 220 244 
16 194 9 204 176 178 13 130 131 147 152 155 78 42 42 34 66 244 29 155 33 185 229 57 163 99 151 81 24 17 168 13 78 104 247 101 181 41 14 75 193 9 165 38 144 189 104 130 
205 84 251 6 212 201 58 166 23 217 197 26 192 18 188 142 152 45 199 155 39 157 90 118 29 104 55 103 240 54 52 125 199 167 62 129 151 234 158 40 139 140 123 140 170 141 160 221 
180 185 128 84 76 53 119 105 92 89 83 70 182 189 19 123 247 151 239 243 177 68 152 39 201 36 192 145 29 171 221 100 106 181 42 122 110 26 239 142 73 131 3 171 41 124 143 228 
38 202 20 70 107 254 176 11 151 74 157 16 99 148 250 138 132 201 206 244 211 116 74 76 171 143 78 126 146 152 47 33 28 232 184 97 13 65 110 60 190 166 24 242 194 111 127 182 
200 156 115 170 195 106 14 10 73 36 61 167 57 60 123 152 161 154 224 44 223 52 91 35 6 223 60 29 131 100 245 82 0 215 33 132 136 36 197 50 236 235 214 15 102 142 252 178 
125 136 150 143 40 0 254 38 54 157 14 122 237 157 227 197 242 33 224 106 105 203 246 43 92 139 35 156 97 182 57 215 119 89 225 114 50 204 223 174 24 138 152 241 74 63 209 119 
103 35 185 68 173 135 42 93 97 173 44 55 113 221 187 112 89 181 202 189 67 193 135 36 114 76 225 107 224 117 71 208 38 133 179 250 157 127 232 48 195 249 248 201 224 43 8 227 
233 70 87 88 164 7 125 238 13 139 241 206 249 101 206 56 249 238 215 116 129 220 184 12 73 22 143 56 244 199 170 154 240 177 146 43 157 197 73 118 177 240 209 4 219 55 237 23 
166 6 44 155 161 197 34 89 189 173 249 110 246 218 41 251 53 161 131 31 117 35 116 34 37 34 136 243 206 20 45 213 246 118 186 85 68 99 175 127 229 101 62 81 45 139 11 112 
